date,OP,CP,HP,LP,DF,RD,TV,TC,TO
2016-08-19,1.73,1.73,1.73,1.73,0.09,1,3000,1,5190
2016-08-22,1.62,1.62,1.62,1.62,-0.11,-1,99000,1,160380
2016-08-24,1.65,1.65,1.65,1.65,0.01,1,3000,1,4950
2016-09-07,1.57,1.57,1.57,1.52,0.03,1,103000,3,161610
2016-09-09,1.57,1.57,1.57,1.57,-0.01,-1,4000,1,6280
2016-09-10,1.7,1.7,1.7,1.7,0.13,1,5000,1,8500
2016-09-12,1.71,1.71,1.71,1.71,0.01,1,5000,1,8550
2016-09-13,1.67,1.61,1.67,1.61,-0.1,-1,4000,2,6620
2016-09-14,1.59,1.59,1.59,1.59,-0.02,-1,4000,1,6360
2016-09-30,1.52,1.5,1.52,1.5,-0.11,-1,20000,2,30200
2016-10-11,1.54,1.5,1.54,1.5,0.0,0,20000,2,30400
2016-10-12,1.46,1.48,1.48,1.46,-0.02,-1,20000,2,29400
2016-10-13,1.47,1.47,1.47,1.47,-0.01,-1,10000,1,14700
2016-10-17,1.25,1.25,1.25,1.23,-0.03,-1,36000,3,44760
2016-10-18,1.21,1.21,1.21,1.21,-0.04,-1,12000,1,14520
2016-10-19,1.25,1.25,1.25,1.25,0.04,1,12000,1,15000
2016-10-21,1.25,1.25,1.25,1.25,0.0,0,11000,1,13750
2016-10-24,1.3,1.3,1.3,1.3,0.05,1,11000,1,14300
2016-10-28,1.27,1.27,1.27,1.27,-0.01,-1,12000,1,15240
2016-10-31,1.19,1.19,1.19,1.19,-0.08,-1,16000,1,19040
2016-11-03,0.98,1.0,1.0,0.98,-0.09,-1,20000,2,19700
2016-11-04,1.03,1.02,1.03,1.02,0.02,1,20000,2,20550
2016-11-07,1.0,0.97,1.0,0.97,-0.05,-1,30000,2,29550
2016-11-08,1.0,1.02,1.02,1.0,0.05,1,30000,2,30300
2016-11-09,0.96,0.96,0.96,0.96,-0.06,-1,15000,1,14400
2016-11-10,1.02,1.14,1.14,1.02,0.18,1,55000,4,59700
2016-11-11,1.21,1.21,1.21,1.21,0.07,1,10000,1,12100
2016-11-14,1.24,1.24,1.24,1.24,0.03,1,18000,1,22320
2016-11-15,1.22,1.21,1.22,1.21,-0.03,-1,38000,2,46180
2016-11-18,1.28,1.3,1.3,1.28,0.1,1,38000,2,49000
2016-11-21,1.27,1.25,1.27,1.25,-0.05,-1,28000,2,35200
2016-11-24,1.26,1.26,1.26,1.26,-0.01,-1,28000,2,35280
2016-11-25,1.21,1.21,1.21,1.21,-0.05,-1,20000,1,24200
2016-11-29,1.25,1.25,1.25,1.25,0.04,1,20000,1,25000
2016-12-01,1.46,1.53,1.55,1.46,0.29,1,832000,9,1242720
2016-12-02,1.41,1.41,1.41,1.41,-0.12,-1,22000,1,31020
2016-12-05,1.31,1.27,1.31,1.27,-0.14,-1,55000,5,71530
2016-12-09,1.29,1.29,1.29,1.29,0.02,1,3000,1,3870
2017-01-11,1.09,1.07,1.09,1.07,-0.03,-1,802000,8,868490
2017-01-16,1.1,1.1,1.1,1.1,0.03,1,200000,1,220000
2017-01-17,1.08,1.08,1.08,1.08,-0.02,-1,1000,1,1080
2017-01-18,1.08,1.08,1.08,1.08,0.0,0,2000,1,2160
2017-01-24,0.97,0.98,0.98,0.97,-0.03,-1,3000,2,2920
2017-02-08,0.99,1.07,1.07,0.99,0.11,1,4000,3,4190
2017-02-14,1.04,1.04,1.04,1.04,0.02,1,94000,1,97760
2017-02-15,1.01,1.05,1.05,1.01,0.01,1,96000,2,97040
2017-02-16,1.15,1.16,1.17,1.14,0.11,1,373000,7,435810
2017-02-17,1.08,1.12,1.12,1.08,-0.04,-1,38000,2,41440
2017-02-18,1.13,1.11,1.19,1.11,-0.01,-1,108000,5,124280
2017-02-20,1.17,1.06,1.17,1.06,-0.05,-1,329000,3,352040
2017-03-01,1.24,1.25,1.25,1.24,0.23,1,554000,8,691580
2017-03-02,1.13,1.17,1.17,1.12,-0.08,-1,671000,10,754290
2017-03-03,1.1,1.19,1.19,1.1,0.02,1,147000,4,167730
2017-03-06,1.22,1.23,1.23,1.22,0.04,1,182000,4,223040
2017-03-07,1.35,1.6,1.71,1.34,0.37,1,507000,16,772710
2017-03-08,1.53,1.53,1.53,1.47,-0.07,-1,498000,9,740040
2017-03-09,1.49,1.38,1.49,1.38,-0.15,-1,10000,4,14280
2017-03-10,1.44,1.59,1.59,1.44,0.21,1,35000,4,51950
2017-03-13,1.53,1.5,1.53,1.44,-0.09,-1,283000,9,425840
2017-03-14,1.56,2.06,2.06,1.56,0.56,1,74000,8,126280
2017-03-15,2.1,2.07,2.1,1.99,0.01,1,91000,9,185280
2017-03-16,2.11,1.98,2.11,1.98,-0.09,-1,65000,2,136500
2017-03-20,2.04,2.04,2.04,2.04,-0.09,-1,3000,1,6120
2017-03-22,1.9,1.9,1.9,1.9,-0.02,-1,1000,1,1900
2017-03-23,2.01,2.01,2.01,2.01,0.11,1,1000,1,2010
2017-03-28,1.8,1.8,1.8,1.8,-0.01,-1,50000,1,90000
2017-04-05,1.62,1.62,1.62,1.62,-0.03,-1,63000,1,102060
2017-04-06,1.71,1.71,1.71,1.71,0.09,1,63000,1,107730
2017-04-07,1.55,1.55,1.55,1.55,-0.16,-1,2000,1,3100
2017-04-11,1.64,1.64,1.64,1.64,0.15,1,123000,1,201720
2017-04-12,1.53,1.56,1.56,1.53,-0.08,-1,156000,2,239670
2017-04-13,1.47,1.47,1.47,1.47,-0.09,-1,33000,1,48510
2017-04-19,1.35,1.35,1.35,1.35,-0.04,-1,200000,1,270000
2017-04-20,1.43,1.43,1.43,1.43,0.08,1,200000,1,286000
2017-04-24,1.34,1.33,1.34,1.33,-0.09,-1,300000,2,401000
2017-04-25,1.38,1.42,1.42,1.32,0.09,1,362000,11,484850
2017-04-27,1.25,1.24,1.25,1.24,0.0,0,102000,6,127480
