date,OP,CP,HP,LP,DF,RD,TV,TC,TO
2016-09-08,0.94,0.99,0.99,0.93,-0.03,-1,75000,6,72700
2016-09-09,0.99,1.05,1.05,0.98,0.06,1,3200000,37,3222770
2016-09-10,1.05,0.9,1.05,0.88,-0.15,-1,3443000,70,3196370
2016-09-12,0.89,0.87,0.91,0.87,-0.03,-1,849000,19,756940
2016-09-13,0.95,0.91,0.97,0.9,0.04,1,1406000,28,1317130
2016-09-14,0.9,0.93,0.93,0.9,0.02,1,734000,8,669090
2016-09-19,1.0,0.99,1.08,0.98,0.06,1,1924000,52,1929350
2016-09-20,0.98,1.02,1.02,0.97,0.03,1,2521000,51,2513510
2016-09-21,1.04,1.01,1.05,0.99,-0.01,-1,2064000,58,2101890
2016-09-22,1.01,0.92,1.03,0.89,-0.09,-1,2161000,60,2090090
2016-09-23,0.92,0.89,0.92,0.89,-0.03,-1,914000,33,831970
2016-09-26,0.87,0.84,0.87,0.8,-0.05,-1,1588000,51,1320360
2016-09-29,0.84,0.9,0.92,0.84,0.06,1,3380000,52,3010000
2016-09-30,0.84,0.95,0.97,0.84,0.05,1,2805000,63,2512430
2016-10-03,0.96,0.95,0.98,0.91,0.0,0,1549000,27,1485660
2016-10-04,0.98,0.93,0.98,0.91,-0.02,-1,1095000,39,1041200
2016-10-05,0.91,0.87,0.92,0.87,-0.06,-1,940000,31,835560
2016-10-06,0.87,0.86,0.87,0.85,-0.01,-1,770000,21,663680
2016-10-07,0.84,0.77,0.84,0.73,-0.09,-1,1635000,69,1251850
2016-10-11,0.75,0.6,0.76,0.57,-0.17,-1,2690000,74,1668310
2016-10-12,0.63,0.62,0.66,0.61,0.02,1,2500000,43,1596870
2016-10-13,0.61,0.51,0.61,0.5,-0.11,-1,2604000,75,1455490
2016-10-14,0.53,0.47,0.54,0.45,-0.04,-1,959000,55,476450
2016-10-17,0.46,0.48,0.5,0.45,0.01,1,486000,18,228920
2016-10-18,0.53,0.69,0.69,0.52,0.21,1,4360000,95,2519130
2016-10-19,0.66,0.66,0.8,0.61,-0.03,-1,4571000,109,2990610
2016-10-20,0.69,0.73,0.77,0.65,0.07,1,1821000,51,1331450
2016-10-21,0.73,0.73,0.79,0.71,0.0,0,1222000,33,915780
2016-10-24,0.75,0.72,0.75,0.69,-0.01,-1,861000,31,620550
2016-10-25,0.7,0.68,0.7,0.68,-0.04,-1,559000,13,388510
2016-10-26,0.64,0.77,0.78,0.63,0.09,1,4082000,76,2942520
2016-10-27,0.75,0.7,0.78,0.7,-0.07,-1,6942000,72,5005600
2016-10-28,0.71,0.69,0.71,0.68,-0.01,-1,1083000,25,762600
2016-10-31,0.65,0.61,0.65,0.58,-0.08,-1,420000,45,255540
2016-11-01,0.61,0.58,0.62,0.58,-0.03,-1,317000,20,190620
2016-11-02,0.58,0.48,0.58,0.48,-0.1,-1,1337000,42,674880
2016-11-03,0.48,0.5,0.52,0.48,0.02,1,901000,28,456600
2016-11-04,0.5,0.48,0.52,0.46,-0.02,-1,597000,16,291970
2016-11-07,0.55,0.68,0.68,0.53,0.2,1,1122000,57,690150
2016-11-08,0.76,0.68,0.76,0.63,0.0,0,1115000,48,755620
2016-11-09,0.69,0.53,0.7,0.5,-0.15,-1,1056000,72,657570
2016-11-10,0.65,0.75,0.75,0.63,0.22,1,1043000,70,734210
2016-11-11,0.67,0.72,0.72,0.62,-0.03,-1,927000,43,622430
2016-11-14,0.75,0.79,0.79,0.73,0.07,1,1209000,57,914930
2016-11-15,0.75,0.78,0.8,0.72,-0.01,-1,1190000,38,920150
2016-11-16,0.8,0.74,0.82,0.74,-0.04,-1,1172000,41,931220
2016-11-17,0.73,0.73,0.74,0.7,-0.01,-1,518000,26,371110
2016-11-18,0.75,0.78,0.81,0.74,0.05,1,1317000,47,1030190
2016-11-21,0.77,0.76,0.8,0.76,-0.02,-1,760000,23,592400
2016-11-22,0.82,0.76,0.85,0.76,0.0,0,1598000,49,1322920
2016-11-23,0.75,0.75,0.77,0.74,-0.01,-1,1542000,37,1172990
2016-11-24,0.75,0.75,0.76,0.74,0.0,0,670000,17,507550
2016-11-25,0.77,0.76,0.77,0.75,0.01,1,539000,15,411960
2016-11-28,0.76,0.82,0.85,0.76,0.06,1,4442000,89,3599590
2016-11-29,0.82,0.82,0.82,0.76,0.0,0,3003000,61,2364370
2016-11-30,0.9,0.82,0.9,0.82,0.0,0,2906000,57,2489140
2016-12-01,0.81,0.72,0.82,0.72,-0.1,-1,1279000,44,1016800
2016-12-02,0.72,0.62,0.72,0.62,-0.1,-1,1213000,43,792450
2016-12-05,0.64,0.58,0.64,0.55,-0.04,-1,546000,28,313270
2016-12-06,0.65,0.7,0.7,0.64,0.12,1,1647000,52,1105150
2016-12-07,0.7,0.69,0.71,0.67,-0.01,-1,1169000,28,803690
2016-12-08,0.71,0.68,0.73,0.68,-0.01,-1,712000,21,511410
2016-12-09,0.71,0.71,0.72,0.68,0.03,1,1313000,25,928480
2016-12-12,0.71,0.68,0.72,0.68,-0.03,-1,167000,10,118870
2016-12-13,0.67,0.7,0.7,0.66,0.02,1,195000,13,135060
2016-12-14,0.72,0.72,0.77,0.72,0.02,1,882000,23,653420
2016-12-15,0.7,0.74,0.74,0.69,0.02,1,536000,15,381340
2016-12-16,0.74,0.81,0.81,0.74,0.07,1,1696000,64,1323960
2016-12-19,0.8,0.82,0.82,0.75,0.01,1,1932000,59,1545090
2016-12-20,0.89,0.73,0.9,0.73,-0.09,-1,2118000,89,1817670
2016-12-21,0.74,0.72,0.75,0.69,-0.01,-1,821000,28,598630
2016-12-22,0.72,0.69,0.72,0.69,-0.03,-1,475000,17,330760
2016-12-23,0.7,0.74,0.74,0.7,0.05,1,405000,19,290000
2016-12-26,0.73,0.74,0.74,0.73,0.0,0,271000,9,198770
2016-12-27,0.73,0.75,0.77,0.73,0.01,1,490000,21,369750
2016-12-28,0.76,0.76,0.78,0.76,0.01,1,1191000,32,914830
2016-12-29,0.75,0.7,0.75,0.7,-0.06,-1,649000,17,463100
2016-12-30,0.74,0.73,0.74,0.73,0.03,1,613000,12,453120
2017-01-03,0.74,0.81,0.84,0.74,0.08,1,2583000,81,2038790
2017-01-04,0.8,0.76,0.81,0.75,-0.05,-1,2000000,39,1579010
2017-01-05,0.77,0.75,0.77,0.72,-0.01,-1,525000,24,391200
2017-01-06,0.79,0.78,0.81,0.75,0.03,1,1306000,26,1027510
2017-01-09,0.82,0.76,0.82,0.76,-0.02,-1,947000,24,739250
2017-01-10,0.75,0.67,0.75,0.67,-0.09,-1,1077000,37,736850
2017-01-11,0.7,0.66,0.7,0.64,-0.01,-1,1028000,23,705020
2017-01-12,0.67,0.75,0.77,0.67,0.09,1,1698000,52,1227820
2017-01-13,0.71,0.67,0.71,0.65,-0.08,-1,1398000,35,960850
2017-01-16,0.63,0.61,0.63,0.6,-0.06,-1,239000,14,147710
2017-01-17,0.62,0.59,0.65,0.59,-0.02,-1,949000,25,597890
2017-01-18,0.6,0.62,0.66,0.58,0.03,1,498000,27,304750
2017-01-19,0.7,0.58,0.7,0.56,-0.04,-1,816000,47,492680
2017-01-20,0.56,0.54,0.58,0.53,-0.04,-1,583000,34,323110
2017-01-23,0.53,0.51,0.54,0.49,-0.03,-1,190000,16,98440
2017-01-24,0.51,0.49,0.53,0.49,-0.02,-1,331000,7,167400
2017-02-02,0.48,0.49,0.49,0.46,0.0,0,141000,15,67560
2017-02-03,0.52,0.55,0.56,0.51,0.06,1,875000,26,480810
2017-02-06,0.7,0.9,0.9,0.67,0.35,1,2675000,123,2050890
2017-02-07,0.87,0.81,0.9,0.8,-0.09,-1,1833000,56,1554430
2017-02-08,0.85,1.11,1.15,0.85,0.3,1,1237000,80,1239720
2017-02-09,1.1,1.08,1.12,1.04,-0.03,-1,1882000,47,2044820
2017-02-10,1.2,1.07,1.31,1.06,-0.01,-1,1498000,54,1808530
2017-02-13,1.13,1.06,1.15,1.06,-0.01,-1,420000,20,463090
2017-02-14,1.12,1.04,1.12,1.03,-0.02,-1,90000,13,96850
2017-02-15,1.17,1.07,1.17,1.07,0.03,1,205000,13,221420
2017-02-16,1.08,1.02,1.08,1.02,-0.05,-1,588000,5,600540
2017-02-17,0.95,0.87,0.95,0.87,-0.15,-1,667000,13,598170
2017-02-18,0.87,0.88,0.88,0.8,0.01,1,158000,9,133700
2017-02-20,0.94,0.86,1.04,0.86,-0.02,-1,532000,18,525300
2017-02-21,0.87,0.92,0.92,0.85,0.06,1,570000,8,509340
2017-02-22,0.94,0.96,0.97,0.93,0.04,1,663000,10,639560
2017-02-23,0.97,1.01,1.07,0.97,0.05,1,592000,22,605990
2017-02-24,0.99,1.04,1.08,0.99,0.03,1,486000,26,492680
2017-03-01,0.99,0.83,0.99,0.83,-0.21,-1,694000,20,615080
2017-03-02,0.89,0.83,0.89,0.83,0.0,0,200000,7,169500
2017-03-03,0.83,0.78,0.83,0.78,-0.05,-1,44000,4,35520
2017-03-06,0.85,0.84,0.85,0.84,0.06,1,93000,3,79020
2017-03-07,0.84,0.84,0.84,0.84,0.0,0,110000,3,92400
2017-03-08,0.76,0.76,0.78,0.76,-0.08,-1,38000,4,29180
2017-03-09,0.76,0.76,0.76,0.76,0.0,0,400000,1,304000
2017-03-10,0.7,0.78,0.78,0.7,0.02,1,64000,2,49600
2017-03-13,0.81,0.81,0.81,0.81,0.03,1,25000,1,20250
2017-03-14,0.76,0.76,0.76,0.76,-0.05,-1,60000,1,45600
2017-03-15,0.77,0.77,0.77,0.77,0.01,1,12000,1,9240
2017-03-16,0.77,0.82,0.82,0.77,0.05,1,107000,2,82740
2017-03-17,0.81,0.81,0.81,0.81,-0.01,-1,7000,1,5670
2017-03-20,0.81,0.81,0.81,0.81,0.0,0,21000,2,17010
2017-03-22,0.7,0.7,0.7,0.7,-0.11,-1,2000,1,1400
2017-03-24,0.75,0.75,0.75,0.75,0.0,0,24000,1,18000
2017-03-28,0.61,0.63,0.63,0.61,-0.09,-1,128000,2,78480
2017-03-31,0.76,0.81,0.82,0.76,0.11,1,153000,4,124510
2017-04-07,0.61,0.61,0.61,0.61,-0.09,-1,200000,1,122000
2017-04-11,0.53,0.55,0.56,0.53,-0.06,-1,115000,3,64230
2017-04-12,0.24,0.24,0.24,0.24,-0.31,-1,10000,1,2400
2017-04-13,0.16,0.15,0.16,0.15,-0.09,-1,60000,2,9400
2017-04-14,0.11,0.11,0.11,0.11,-0.04,-1,408000,1,44880
2017-04-17,0.09,0.09,0.09,0.09,-0.02,-1,100000,2,9000
2017-04-18,0.13,0.13,0.13,0.13,0.04,1,15000,1,1950
2017-04-20,0.17,0.17,0.17,0.17,-0.06,-1,108000,1,18360
2017-04-21,0.15,0.16,0.16,0.15,-0.01,-1,224000,3,34760
2017-04-24,0.13,0.1,0.13,0.1,-0.06,-1,732000,4,76440
2017-04-25,0.09,0.09,0.09,0.09,-0.01,-1,108000,1,9720
2017-04-26,0.09,0.13,0.13,0.09,0.04,1,59000,2,5710
2017-04-27,0.15,0.15,0.16,0.14,0.02,1,139000,7,20650
2017-05-02,0.16,0.13,0.17,0.12,0.0,0,1210000,10,160000
