date,OP,CP,HP,LP,DF,RD,TV,TC,TO
2016-10-06,1.46,1.3,1.48,1.3,0.05,1,386000,8,547250
2016-10-07,1.21,1.2,1.25,1.19,-0.1,-1,384000,6,472620
2016-10-11,0.98,0.9,0.98,0.9,-0.3,-1,196000,15,180900
2016-10-12,0.74,0.79,0.85,0.68,-0.11,-1,736000,40,556180
2016-10-13,0.76,0.8,0.81,0.72,0.01,1,665000,31,519700
2016-10-14,0.77,0.71,0.79,0.71,-0.09,-1,519000,14,387380
2016-10-17,0.66,0.66,0.67,0.59,-0.05,-1,436000,25,274880
2016-10-18,0.66,0.7,0.7,0.66,0.04,1,50000,4,33800
2016-10-19,0.76,0.81,0.81,0.75,0.11,1,506000,16,397600
2016-10-20,0.79,0.82,0.82,0.75,0.01,1,567000,25,446300
2016-10-21,0.8,0.85,0.85,0.8,0.03,1,176000,6,147380
2016-10-24,0.78,0.82,0.82,0.78,-0.03,-1,485000,10,387800
2016-10-25,0.84,0.87,0.87,0.84,0.05,1,254000,9,214010
2016-10-26,0.82,1.01,1.07,0.82,0.14,1,824000,29,766670
2016-10-27,1.02,1.06,1.08,1.01,0.05,1,608000,23,638180
2016-10-28,0.96,0.97,0.97,0.96,-0.09,-1,44000,3,42340
2016-10-31,0.89,0.9,0.91,0.89,-0.07,-1,196000,10,176430
2016-11-01,0.95,0.9,0.95,0.9,0.0,0,72000,5,67100
2016-11-02,0.84,0.76,0.84,0.76,-0.14,-1,307000,10,247480
2016-11-03,0.76,0.79,0.8,0.76,0.03,1,105000,9,81450
2016-11-04,0.79,0.79,0.79,0.79,0.0,0,10000,1,7900
2016-11-07,0.86,0.84,0.88,0.84,0.05,1,39000,4,33560
2016-11-08,0.71,0.72,0.72,0.7,-0.12,-1,66000,4,46820
2016-11-09,0.73,0.69,0.73,0.64,-0.03,-1,176000,8,118240
2016-11-10,0.81,0.79,0.85,0.79,0.1,1,85000,7,68800
2016-11-11,0.57,0.57,0.57,0.54,-0.22,-1,200000,9,108800
2016-11-14,0.54,0.54,0.54,0.54,-0.03,-1,15000,1,8100
2016-11-15,0.56,0.54,0.56,0.54,0.0,0,115000,3,62900
2016-11-16,0.57,0.56,0.57,0.56,0.02,1,50000,2,28100
2016-11-18,0.56,0.63,0.63,0.56,0.07,1,219000,4,129920
2016-11-21,0.65,0.62,0.65,0.62,-0.01,-1,209000,8,134050
2016-11-22,0.65,0.68,0.68,0.65,0.06,1,130000,5,86200
2016-11-23,0.86,0.84,0.9,0.83,0.16,1,60000,4,51200
2016-11-24,0.85,0.88,0.9,0.85,0.04,1,52000,5,45450
2016-11-25,0.88,0.86,0.88,0.86,-0.02,-1,91000,4,79260
2016-11-28,0.93,0.84,0.93,0.84,-0.02,-1,60000,2,51300
2016-11-30,0.85,0.83,0.85,0.83,0.01,1,110000,2,93300
2016-12-02,0.83,0.84,0.84,0.83,0.03,1,100000,3,83300
2016-12-05,0.84,0.86,0.86,0.82,0.02,1,101000,6,83960
2016-12-06,0.88,0.85,0.93,0.85,-0.01,-1,105000,10,93300
2016-12-07,0.83,0.82,0.83,0.81,-0.03,-1,30000,3,24600
2016-12-08,0.85,0.83,0.85,0.83,0.01,1,60000,4,50100
2016-12-09,0.81,0.83,0.83,0.81,0.0,0,40000,3,32800
2016-12-12,0.84,0.81,0.84,0.81,-0.02,-1,1028000,8,843260
2016-12-13,0.76,0.74,0.77,0.74,-0.07,-1,30000,3,22700
2016-12-14,0.76,0.79,0.8,0.76,0.05,1,250000,7,191000
2016-12-15,0.82,0.89,0.89,0.82,0.1,1,187000,11,161000
2016-12-16,0.84,0.85,0.85,0.83,-0.04,-1,375000,12,316040
2016-12-19,0.81,0.75,0.81,0.75,-0.1,-1,296000,7,231980
2016-12-20,0.74,0.75,0.75,0.72,0.0,0,260000,7,188600
2016-12-21,0.77,0.79,0.83,0.77,0.04,1,164000,8,132070
2016-12-22,0.78,0.75,0.78,0.75,-0.04,-1,109000,5,82050
2016-12-26,0.73,0.73,0.73,0.73,0.01,1,148000,2,108040
2016-12-27,0.73,0.74,0.74,0.71,0.01,1,198000,8,142760
2016-12-28,0.77,0.78,0.8,0.77,0.04,1,240000,7,186800
2016-12-29,0.74,0.76,0.76,0.74,-0.02,-1,170000,8,127500
2016-12-30,0.75,0.71,0.75,0.71,-0.05,-1,87000,3,62850
2017-01-03,0.64,0.64,0.64,0.64,-0.07,-1,27000,1,17280
2017-01-04,0.67,0.67,0.67,0.67,0.03,1,10000,1,6700
2017-01-05,0.55,0.56,0.56,0.55,-0.11,-1,55000,3,30300
2017-01-06,0.56,0.56,0.56,0.56,0.0,0,20000,2,11200
2017-01-09,0.62,0.6,0.65,0.6,0.04,1,90000,3,55800
2017-01-11,0.55,0.53,0.55,0.53,-0.02,-1,1248000,6,678810
2017-01-17,0.55,0.55,0.55,0.55,0.03,1,1000,1,550
2017-02-02,0.5,0.5,0.5,0.5,0.02,1,70000,3,35000
2017-02-06,0.6,0.6,0.6,0.6,0.09,1,1000,1,600
2017-02-07,0.58,0.62,0.62,0.58,0.02,1,401000,5,232620
2017-02-08,0.57,0.56,0.57,0.56,-0.06,-1,451000,3,257060
2017-02-09,0.64,0.63,0.64,0.63,0.07,1,513000,8,327270
2017-02-10,0.61,0.57,0.61,0.57,-0.06,-1,408000,3,240720
2017-02-13,0.59,0.6,0.62,0.58,0.03,1,203000,4,118820
2017-02-14,0.59,0.61,0.61,0.59,0.01,1,104000,3,61420
2017-02-15,0.55,0.55,0.55,0.55,-0.06,-1,173000,2,95150
2017-02-17,0.57,0.57,0.57,0.57,0.02,1,100000,1,57000
2017-02-18,0.58,0.58,0.58,0.58,0.01,1,100000,1,58000
2017-02-20,0.6,1.08,1.08,0.6,0.5,1,659000,23,474060
2017-02-21,0.81,0.68,0.84,0.66,-0.4,-1,817000,35,622080
2017-02-22,0.67,0.63,0.67,0.63,-0.05,-1,430000,12,275120
2017-02-23,0.65,0.62,0.68,0.62,-0.01,-1,740000,17,470260
2017-02-24,0.61,0.55,0.61,0.52,-0.07,-1,795000,15,445820
2017-03-01,0.52,0.52,0.52,0.52,-0.03,-1,165000,2,85800
2017-03-03,0.51,0.52,0.52,0.5,0.0,0,55000,5,28000
2017-03-06,0.54,0.53,0.54,0.53,0.01,1,417000,7,223010
2017-03-07,0.55,0.54,0.55,0.52,0.01,1,450000,14,241700
2017-03-08,0.52,0.56,0.57,0.51,0.02,1,483000,9,257010
2017-03-09,0.53,0.49,0.53,0.49,-0.07,-1,343000,6,177130
2017-03-10,0.31,0.33,0.34,0.3,-0.16,-1,183000,4,57920
2017-03-13,0.28,0.29,0.29,0.28,-0.04,-1,50000,4,14200
2017-03-14,0.31,0.31,0.31,0.3,0.02,1,101000,3,30810
2017-03-15,0.31,0.31,0.31,0.31,0.0,0,10000,1,3100
2017-03-21,0.32,0.32,0.32,0.32,0.03,1,10000,1,3200
2017-03-23,0.3,0.29,0.3,0.29,-0.03,-1,21000,2,6240
2017-03-24,0.26,0.26,0.26,0.26,-0.03,-1,122000,2,31720
2017-04-11,0.16,0.16,0.16,0.16,-0.03,-1,21000,1,3360
2017-04-13,0.14,0.14,0.14,0.14,0.0,0,20000,1,2800
2017-04-26,0.07,0.07,0.07,0.07,0.0,0,22000,2,1540
2017-04-28,0.05,0.05,0.05,0.05,-0.02,-1,150000,1,7500
