date,OP,CP,HP,LP,DF,RD,TV,TC,TO
2016-10-07,1.5,1.46,1.5,1.46,-0.04,-1,4000,2,5960
2016-10-11,1.54,1.45,1.61,1.36,-0.01,-1,389000,17,573400
2016-10-12,1.43,1.39,1.44,1.35,-0.06,-1,510000,18,729360
2016-10-13,1.43,1.4,1.51,1.4,0.01,1,242000,13,358500
2016-10-14,1.35,1.18,1.35,1.18,-0.22,-1,218000,10,264410
2016-10-17,1.18,1.23,1.23,1.12,0.05,1,13000,6,15540
2016-10-18,1.19,1.19,1.19,1.19,-0.04,-1,1000,1,1190
2016-10-19,1.2,1.24,1.24,1.1,0.05,1,739000,10,850710
2016-10-20,1.31,1.33,1.42,1.31,0.09,1,1113000,15,1525340
2016-10-21,1.34,1.32,1.4,1.32,-0.01,-1,401000,10,542080
2016-10-24,1.31,1.32,1.37,1.31,0.0,0,90000,3,120700
2016-10-25,1.31,1.3,1.31,1.3,-0.02,-1,74000,4,96740
2016-10-26,1.36,1.29,1.36,1.29,-0.01,-1,6000,3,8060
2016-10-27,1.27,1.32,1.34,1.27,0.03,1,967000,14,1264030
2016-10-28,1.31,1.26,1.32,1.26,-0.06,-1,961000,18,1248100
2016-10-31,1.12,1.21,1.21,1.12,-0.05,-1,14000,2,16580
2016-11-01,1.22,1.18,1.22,1.18,-0.03,-1,15000,2,17900
2016-11-02,1.1,1.08,1.1,1.08,-0.1,-1,12000,2,13060
2016-11-03,1.2,1.15,1.2,1.15,0.07,1,256000,4,306960
2016-11-04,1.16,1.12,1.16,1.12,-0.03,-1,111000,12,126870
2016-11-07,1.17,1.17,1.17,1.17,0.05,1,217000,5,253890
2016-11-08,1.31,1.27,1.34,1.27,0.1,1,1041000,16,1341150
2016-11-09,1.23,0.99,1.24,0.96,-0.28,-1,1200000,21,1323700
2016-11-10,1.17,1.18,1.2,1.17,0.19,1,1651000,15,1956180
2016-11-11,1.12,1.09,1.12,1.08,-0.09,-1,605000,7,668500
2016-11-14,1.1,1.1,1.1,1.02,0.01,1,200000,16,212000
2016-11-15,1.08,1.09,1.09,1.08,-0.01,-1,30000,3,32500
2016-11-16,1.1,1.04,1.1,1.04,-0.05,-1,82000,11,86120
2016-11-17,0.98,1.01,1.01,0.98,-0.03,-1,70000,5,70400
2016-11-18,1.13,1.14,1.2,1.13,0.13,1,476000,19,549750
2016-11-21,1.18,1.22,1.22,1.16,0.08,1,890000,23,1046020
2016-11-22,1.27,1.22,1.27,1.19,0.0,0,1248000,29,1551820
2016-11-23,1.29,1.29,1.39,1.26,0.07,1,1800000,43,2361200
2016-11-24,1.23,1.48,1.52,1.22,0.19,1,2599000,87,3620720
2016-11-25,1.56,1.4,1.61,1.39,-0.08,-1,1597000,81,2396250
2016-11-28,1.46,1.59,1.75,1.45,0.19,1,1737000,76,2775510
2016-11-29,1.65,1.62,1.65,1.56,0.03,1,2356000,69,3797160
2016-11-30,1.62,1.55,1.63,1.54,-0.07,-1,1511000,33,2402130
2016-12-01,1.63,1.54,1.74,1.54,-0.01,-1,2680000,81,4422980
2016-12-02,1.43,1.47,1.47,1.36,-0.07,-1,549000,28,780150
2016-12-05,1.5,1.47,1.5,1.41,0.0,0,1048000,20,1527890
2016-12-06,1.51,1.47,1.51,1.46,0.0,0,799000,16,1201350
2016-12-07,1.54,1.39,1.54,1.35,-0.08,-1,450000,21,625860
2016-12-08,1.44,1.32,1.44,1.32,-0.07,-1,221000,14,303570
2016-12-09,1.32,1.37,1.37,1.29,0.05,1,595000,19,790680
2016-12-12,1.35,1.34,1.41,1.33,-0.03,-1,557000,18,759350
2016-12-13,1.3,1.2,1.3,1.19,-0.14,-1,557000,10,680000
2016-12-14,1.17,1.21,1.22,1.17,0.01,1,230000,13,276800
2016-12-15,1.23,1.2,1.24,1.2,-0.01,-1,302000,18,369760
2016-12-16,1.21,1.3,1.3,1.2,0.1,1,574000,21,711260
2016-12-19,1.34,1.36,1.42,1.34,0.06,1,816000,21,1123010
2016-12-20,1.46,1.36,1.46,1.36,0.0,0,304000,13,418700
2016-12-21,1.31,1.26,1.31,1.26,-0.1,-1,134000,6,171020
2016-12-22,1.26,1.3,1.3,1.26,0.04,1,134000,7,173390
2016-12-23,1.35,1.29,1.35,1.29,-0.01,-1,136000,7,179950
2016-12-26,1.19,1.19,1.19,1.19,-0.1,-1,61000,4,72590
2016-12-27,1.15,1.13,1.15,1.13,-0.06,-1,120000,2,137600
2016-12-28,1.15,1.15,1.15,1.15,0.02,1,120000,2,138000
2016-12-29,1.13,1.13,1.14,1.13,-0.02,-1,96000,3,108830
2017-01-03,1.07,1.07,1.08,1.07,-0.11,-1,103000,3,111210
2017-01-04,1.1,1.08,1.1,1.08,0.01,1,264000,4,287520
2017-01-05,1.15,1.15,1.16,1.11,0.07,1,395000,8,447800
2017-01-06,1.16,1.09,1.16,1.09,-0.06,-1,300000,3,341000
2017-01-09,1.06,1.04,1.06,1.04,-0.05,-1,90000,2,93700
2017-01-10,1.12,1.06,1.12,1.06,0.02,1,130000,5,138900
2017-01-11,1.07,1.06,1.08,1.06,0.0,0,26000,5,27630
2017-01-12,1.07,1.0,1.07,1.0,-0.06,-1,221000,6,224800
2017-01-13,0.91,0.9,0.92,0.89,-0.1,-1,276000,10,252120
2017-01-16,0.91,0.87,0.91,0.87,-0.03,-1,140000,3,126200
2017-01-17,1.08,1.07,1.11,1.07,0.2,1,373000,12,405090
2017-01-18,1.04,1.04,1.04,1.04,-0.03,-1,161000,8,167440
2017-01-19,1.04,1.02,1.04,1.02,-0.02,-1,40000,3,41400
2017-01-20,0.99,1.0,1.02,0.99,-0.02,-1,136000,5,136800
2017-01-23,0.97,0.98,0.98,0.97,-0.02,-1,37000,4,36060
2017-01-24,0.99,0.98,0.99,0.98,0.0,0,142000,5,139310
2017-02-02,1.01,1.03,1.05,1.01,0.05,1,573000,20,595160
2017-02-03,1.03,1.03,1.05,1.03,0.0,0,117000,9,121960
2017-02-06,1.04,1.02,1.04,1.02,-0.01,-1,199000,8,203720
2017-02-07,1.19,1.09,1.2,1.08,0.07,1,801000,22,920180
2017-02-08,1.08,1.05,1.1,1.05,-0.04,-1,310000,14,335260
2017-02-09,1.03,1.03,1.05,1.03,-0.02,-1,303000,9,313350
2017-02-10,1.08,1.06,1.12,1.06,0.03,1,226000,7,245400
2017-02-13,1.05,1.05,1.07,1.03,-0.01,-1,703000,25,742070
2017-02-14,1.03,0.98,1.03,0.97,-0.07,-1,743000,11,752350
2017-02-15,0.99,0.98,1.0,0.98,0.0,0,149000,8,147260
2017-02-16,1.0,1.02,1.03,0.99,0.04,1,1258000,20,1268560
2017-02-17,1.03,1.02,1.07,1.0,0.0,0,1473000,31,1500780
2017-02-18,1.0,0.98,1.01,0.97,-0.04,-1,75000,8,74560
2017-02-20,0.95,0.87,0.95,0.85,-0.11,-1,713000,17,632270
2017-02-21,0.87,0.88,0.88,0.87,0.01,1,74000,5,64930
2017-02-22,0.89,0.95,0.99,0.89,0.07,1,541000,19,519280
2017-02-23,0.97,0.96,1.03,0.96,0.01,1,930000,32,927820
2017-02-24,0.98,0.94,0.98,0.93,-0.02,-1,373000,9,353930
2017-03-01,0.94,0.94,0.95,0.93,0.0,0,609000,15,571750
2017-03-02,1.01,1.09,1.16,1.0,0.15,1,2452000,83,2658450
2017-03-03,1.05,1.02,1.05,0.98,-0.07,-1,1371000,82,1396540
2017-03-06,1.2,1.41,1.49,1.2,0.39,1,2630000,119,3499090
2017-03-07,1.33,1.34,1.42,1.24,-0.07,-1,2046000,79,2759840
2017-03-08,1.49,1.55,1.78,1.49,0.21,1,1103000,74,1786530
2017-03-09,1.66,1.76,1.82,1.6,0.21,1,2218000,75,3829940
2017-03-10,1.85,1.8,1.85,1.59,0.04,1,1600000,55,2800060
2017-03-13,1.79,1.75,1.79,1.7,-0.05,-1,602000,32,1044840
2017-03-14,1.81,1.77,1.92,1.76,0.02,1,1107000,56,2001620
2017-03-15,1.74,1.7,1.76,1.69,-0.07,-1,538000,22,917970
2017-03-16,1.79,2.02,2.1,1.76,0.32,1,1477000,29,2764130
2017-03-17,1.99,2.38,2.38,1.93,0.36,1,458000,23,947240
2017-03-20,2.91,3.05,3.24,2.72,0.67,1,766000,40,2266530
2017-03-21,3.18,3.22,3.47,3.07,0.17,1,533000,23,1692590
2017-03-22,3.08,3.37,3.42,3.0,0.15,1,265000,9,888690
2017-03-23,3.7,4.37,4.48,3.7,1.0,1,522000,20,2124740
2017-03-24,4.14,3.79,4.28,3.79,-0.58,-1,327000,22,1335160
2017-03-27,4.2,4.42,4.42,4.16,0.63,1,220000,9,935400
2017-03-28,4.37,4.06,4.37,3.74,-0.36,-1,264000,11,1081120
2017-03-29,3.95,4.2,4.26,3.95,0.14,1,104000,8,422600
2017-03-30,4.5,4.33,4.64,4.31,0.13,1,115000,11,518410
2017-03-31,4.28,4.04,4.28,4.04,-0.29,-1,42000,4,174500
2017-04-05,4.18,4.45,4.45,4.18,0.41,1,14000,3,59210
2017-04-06,4.59,4.54,4.59,4.54,0.09,1,16000,3,73230
2017-04-07,4.23,4.23,4.23,4.23,-0.31,-1,10000,1,42300
2017-04-10,4.07,4.07,4.07,4.07,-0.16,-1,10000,1,40700
2017-04-12,3.64,3.66,3.66,3.64,0.23,1,12000,2,43720
2017-04-13,3.39,3.39,3.39,3.39,-0.27,-1,10000,1,33900
2017-04-18,3.2,3.2,3.2,3.2,0.5,1,1000,1,3200
2017-04-19,3.31,3.37,3.37,3.31,0.17,1,35000,4,116950
2017-04-20,2.9,3.04,3.04,2.9,-0.33,-1,37000,2,111080
2017-04-25,2.45,2.45,2.45,2.45,0.16,1,3000,1,7350
2017-04-26,2.65,2.76,2.78,2.65,0.31,1,53000,6,146150
2017-04-27,2.88,2.82,2.88,2.82,0.06,1,50000,2,142200
2017-05-04,2.9,2.91,2.91,2.9,0.32,1,30000,3,87200
2017-05-05,2.69,2.69,2.69,2.69,-0.22,-1,30000,2,80700
2017-05-10,2.22,2.26,2.26,2.22,0.18,1,74000,5,165520
2017-05-11,2.31,2.31,2.31,2.31,0.05,1,30000,1,69300
2017-05-15,2.57,2.76,2.76,2.57,0.46,1,35000,4,93500
2017-05-16,2.95,3.03,3.09,2.95,0.27,1,40000,4,120200
2017-05-17,2.78,2.6,2.78,2.6,-0.43,-1,21000,4,57800
2017-05-18,2.94,3.3,3.3,2.94,0.7,1,61000,7,194500
