date,OP,CP,HP,LP,DF,RD,TV,TC,TO
2016-10-13,2.13,2.12,2.13,2.08,0.27,1,7000,4,14730
2016-10-14,1.95,1.95,1.95,1.95,-0.17,-1,5000,1,9750
2016-10-17,1.96,2.05,2.11,1.96,0.1,1,123000,5,243400
2016-10-18,2.07,2.01,2.07,2.01,-0.04,-1,109000,4,220290
2016-10-24,1.74,1.74,1.74,1.74,-0.06,-1,1000,1,1740
2016-10-25,1.75,1.75,1.75,1.75,0.01,1,6000,1,10500
2016-10-26,1.81,1.8,1.81,1.8,0.05,1,18000,3,32490
2016-10-31,1.63,1.63,1.63,1.63,-0.03,-1,3000,1,4890
2016-11-02,1.57,1.57,1.57,1.57,0.02,1,76000,1,119320
2016-11-03,1.32,1.32,1.33,1.32,-0.25,-1,76000,4,100520
2016-11-04,1.19,1.25,1.25,1.19,-0.07,-1,19000,2,23210
2016-11-07,1.24,1.24,1.24,1.24,-0.01,-1,10000,1,12400
2016-11-08,1.12,1.12,1.12,1.11,-0.12,-1,42000,3,46920
2016-11-09,1.19,1.13,1.19,1.13,0.01,1,22000,2,25460
2016-11-11,0.82,0.82,0.82,0.82,-0.2,-1,8000,1,6560
2016-11-14,0.93,0.93,0.93,0.93,0.11,1,8000,1,7440
2016-11-15,0.88,0.93,0.93,0.88,0.0,0,108000,2,100040
2016-11-16,0.97,1.01,1.01,0.97,0.08,1,187000,4,184870
2016-11-17,0.92,0.88,0.92,0.88,-0.13,-1,89000,5,80500
2016-11-18,0.87,0.91,0.91,0.87,0.03,1,102000,2,89140
2016-11-21,0.9,0.88,0.9,0.88,-0.03,-1,102000,6,90880
2016-11-22,0.93,0.98,0.98,0.93,0.1,1,288000,6,275860
2016-11-23,0.97,0.98,0.98,0.93,0.0,0,376000,23,361040
2016-11-24,1.06,1.05,1.13,1.05,0.07,1,145000,11,158890
2016-11-25,1.01,1.02,1.02,0.99,-0.03,-1,44000,5,44380
2016-11-28,1.08,1.05,1.08,1.05,0.03,1,35000,3,37200
2016-11-29,1.04,1.03,1.05,1.03,-0.02,-1,137000,3,142590
2016-11-30,1.02,1.01,1.05,1.01,-0.02,-1,164000,6,168600
2016-12-01,1.11,1.07,1.12,1.07,0.06,1,130000,6,144890
2016-12-02,0.96,1.0,1.0,0.96,-0.07,-1,107000,3,102960
2016-12-05,0.92,0.92,0.92,0.92,-0.08,-1,4000,1,3680
2016-12-06,0.94,0.94,0.94,0.94,0.02,1,10000,1,9400
2016-12-07,0.95,0.95,0.95,0.95,0.01,1,20000,1,19000
2016-12-08,1.05,1.04,1.05,1.04,0.09,1,40000,2,41800
2016-12-14,0.93,0.95,0.95,0.93,0.03,1,30000,2,28100
2016-12-15,0.89,0.89,0.89,0.89,-0.06,-1,10000,1,8900
2016-12-19,1.01,1.03,1.05,1.01,0.11,1,367000,7,379430
2016-12-20,0.94,0.98,0.98,0.92,-0.05,-1,369000,7,343330
2016-12-21,0.96,0.96,0.96,0.96,-0.02,-1,86000,2,82560
2016-12-22,0.96,0.95,0.96,0.95,-0.01,-1,83000,5,79450
2016-12-26,0.91,0.89,0.91,0.89,0.03,1,28000,3,25340
2016-12-27,0.91,0.91,0.91,0.91,0.02,1,21000,1,19110
2016-12-28,0.97,0.99,0.99,0.97,0.08,1,229000,6,226320
2016-12-29,0.91,0.91,0.91,0.91,-0.08,-1,20000,2,18200
2016-12-30,1.06,1.15,1.16,1.05,0.24,1,356000,10,400070
2017-01-03,1.12,1.18,1.19,1.08,0.03,1,375000,22,433790
2017-01-04,1.22,1.15,1.23,1.15,-0.03,-1,243000,27,294740
2017-01-05,1.16,1.16,1.16,1.16,0.01,1,5000,1,5800
2017-01-06,1.14,1.14,1.14,1.14,-0.02,-1,3000,1,3420
2017-01-09,0.9,0.84,0.92,0.84,-0.3,-1,72000,5,65180
2017-01-10,0.64,0.66,0.66,0.64,-0.18,-1,19000,2,12320
2017-01-11,0.63,0.53,0.63,0.53,-0.13,-1,58000,4,32740
2017-01-12,0.6,0.59,0.62,0.59,0.06,1,159000,4,95610
2017-01-13,0.56,0.51,0.56,0.51,-0.08,-1,140000,13,75000
2017-01-16,0.55,0.55,0.55,0.55,0.04,1,10000,1,5500
2017-01-18,0.58,0.58,0.58,0.58,0.02,1,30000,1,17400
2017-01-19,0.67,0.65,0.72,0.65,0.07,1,220000,4,152600
2017-01-20,0.63,0.63,0.63,0.63,-0.02,-1,200000,1,126000
2017-01-23,0.61,0.61,0.61,0.61,-0.02,-1,20000,3,12200
2017-02-02,0.64,0.64,0.64,0.64,0.01,1,3000,1,1920
2017-02-03,0.66,0.66,0.66,0.66,0.02,1,70000,1,46200
2017-02-06,0.71,0.7,0.71,0.7,0.04,1,90000,3,63700
2017-02-07,0.7,0.75,0.75,0.7,0.05,1,23000,3,17150
2017-02-08,0.66,0.66,0.66,0.66,-0.09,-1,30000,1,19800
2017-02-09,0.68,0.66,0.68,0.66,0.0,0,60000,2,40200
2017-02-14,0.65,0.65,0.65,0.65,0.02,1,15000,1,9750
2017-02-15,0.65,0.69,0.7,0.65,0.04,1,721000,15,481860
2017-02-16,0.73,0.67,0.73,0.66,-0.02,-1,625000,34,431670
2017-02-17,0.67,0.69,0.69,0.66,0.02,1,101000,3,67560
2017-02-18,0.75,0.78,0.78,0.75,0.09,1,36000,5,27300
2017-02-20,0.85,0.72,0.85,0.72,-0.06,-1,437000,14,353080
2017-02-21,0.71,0.69,0.71,0.66,-0.03,-1,466000,8,311540
2017-02-22,0.75,0.69,0.75,0.69,0.0,0,101000,6,73130
2017-02-24,0.6,0.6,0.6,0.6,-0.05,-1,24000,1,14400
2017-03-03,0.53,0.53,0.53,0.53,0.02,1,15000,1,7950
2017-03-10,0.41,0.41,0.41,0.41,-0.02,-1,10000,1,4100
2017-03-13,0.44,0.48,0.48,0.44,0.07,1,198000,2,94640
2017-03-14,0.47,0.45,0.47,0.43,-0.03,-1,203000,11,91790
2017-03-20,0.28,0.27,0.28,0.27,-0.13,-1,20000,3,5550
2017-03-21,0.26,0.26,0.26,0.26,-0.01,-1,10000,1,2600
2017-03-22,0.21,0.2,0.21,0.2,-0.06,-1,20000,2,4100
2017-03-23,0.22,0.3,0.3,0.22,0.1,1,60000,3,16800
2017-03-27,0.29,0.29,0.29,0.29,0.02,1,10000,1,2900
2017-03-30,0.2,0.19,0.2,0.19,-0.05,-1,60000,4,11800
2017-03-31,0.16,0.16,0.16,0.16,-0.03,-1,20000,2,3200
2017-04-05,0.14,0.12,0.14,0.12,-0.04,-1,70000,2,8800
2017-04-06,0.1,0.09,0.1,0.09,-0.03,-1,70000,4,6600
2017-04-14,0.03,0.02,0.03,0.02,-0.04,-1,470000,32,9700
2017-04-19,0.01,0.02,0.02,0.01,0.0,0,345000,6,3500
2017-04-20,0.02,0.02,0.02,0.02,0.0,0,297000,1,5940
2017-04-27,0.02,0.02,0.02,0.02,0.0,0,175000,5,3500
2017-05-04,0.02,0.02,0.02,0.02,0.0,0,1000,1,20
2017-05-08,0.01,0.01,0.01,0.01,-0.01,-1,20000,1,200
