date,OP,CP,HP,LP,DF,RD,TV,TC,TO
2016-10-28,0.72,0.7,0.72,0.7,-0.29,-1,41000,2,29120
2016-10-31,0.68,0.68,0.68,0.68,-0.02,-1,50000,2,34000
2016-11-01,0.7,0.7,0.7,0.7,0.02,1,51000,1,35700
2016-11-02,0.68,0.66,0.68,0.66,-0.04,-1,56000,2,37360
2016-11-03,0.62,0.6,0.62,0.6,-0.06,-1,61000,5,36800
2016-11-04,0.57,0.57,0.57,0.57,-0.03,-1,57000,1,32490
2016-11-09,0.43,0.43,0.43,0.43,-0.07,-1,100000,1,43000
2016-11-10,0.48,0.49,0.49,0.48,0.06,1,110000,2,52900
2016-11-11,0.53,0.53,0.53,0.53,0.04,1,30000,1,15900
2016-11-14,0.52,0.52,0.52,0.52,-0.01,-1,100000,1,52000
2016-11-15,0.52,0.52,0.52,0.52,0.0,0,100000,1,52000
2016-11-21,0.51,0.51,0.51,0.51,0.02,1,100000,1,51000
2016-11-22,0.6,0.58,0.6,0.58,0.07,1,110000,2,65800
2016-11-23,0.56,0.56,0.56,0.56,-0.02,-1,100000,1,56000
2016-11-24,0.55,0.57,0.59,0.55,0.01,1,300000,3,171000
2016-11-25,0.56,0.56,0.56,0.56,-0.01,-1,200000,1,112000
2016-11-28,0.52,0.52,0.52,0.52,-0.04,-1,100000,1,52000
2016-11-29,0.53,0.53,0.53,0.53,0.01,1,100000,1,53000
2016-12-08,0.58,0.58,0.58,0.58,0.04,1,100000,1,58000
2016-12-09,0.57,0.58,0.58,0.57,0.0,0,220000,3,126400
2016-12-12,0.56,0.56,0.56,0.56,-0.02,-1,120000,2,67200
2016-12-16,0.55,0.55,0.55,0.55,0.0,0,104000,2,57200
2016-12-19,0.56,0.54,0.56,0.54,-0.01,-1,120000,2,66800
2016-12-20,0.56,0.56,0.56,0.56,0.02,1,20000,1,11200
2016-12-23,0.46,0.46,0.46,0.46,-0.05,-1,90000,2,41400
2016-12-27,0.48,0.48,0.48,0.48,0.01,1,100000,1,48000
2016-12-28,0.5,0.5,0.5,0.5,0.02,1,100000,1,50000
2017-01-05,0.48,0.48,0.48,0.48,0.01,1,2000,1,960
2017-01-06,0.47,0.47,0.47,0.47,-0.01,-1,1000,1,470
2017-01-09,0.51,0.51,0.51,0.51,0.04,1,1000,1,510
2017-01-10,0.45,0.45,0.45,0.45,-0.06,-1,100000,1,45000
2017-01-11,0.48,0.45,0.48,0.45,0.0,0,104000,2,49800
2017-01-18,0.55,0.6,0.6,0.55,0.11,1,254000,13,151040
2017-01-19,0.63,0.86,0.86,0.63,0.26,1,945000,18,668390
2017-01-20,0.9,0.75,0.97,0.75,-0.11,-1,785000,20,699600
2017-01-23,0.78,0.85,0.85,0.75,0.1,1,168000,8,136600
2017-01-24,0.88,0.85,0.94,0.85,0.0,0,180000,5,158200
2017-02-02,0.8,1.06,1.12,0.78,0.21,1,764000,27,750540
2017-02-03,1.01,0.94,1.03,0.89,-0.12,-1,920000,35,911680
2017-02-06,0.99,1.0,1.15,0.99,0.06,1,868000,33,925550
2017-02-07,0.98,1.03,1.18,0.96,0.03,1,1266000,39,1335870
2017-02-08,1.1,1.06,1.19,1.05,0.03,1,941000,33,1083040
2017-02-09,1.01,1.03,1.03,0.91,-0.03,-1,475000,19,478490
2017-02-10,1.08,0.97,1.11,0.97,-0.06,-1,572000,25,613110
2017-02-13,1.02,0.98,1.07,0.97,0.01,1,473000,23,476180
2017-02-14,1.05,1.01,1.07,0.98,0.03,1,439000,19,456640
2017-02-15,1.02,0.93,1.02,0.9,-0.08,-1,621000,21,596590
2017-02-16,0.93,0.93,0.96,0.93,0.0,0,261000,7,246050
2017-02-17,0.92,0.97,0.97,0.91,0.04,1,216000,7,200380
2017-02-18,0.97,0.88,0.97,0.88,-0.09,-1,54000,4,50290
2017-02-20,0.98,1.09,1.24,0.98,0.21,1,991000,42,1131880
2017-02-21,1.09,1.37,1.44,1.0,0.28,1,2352000,99,2780370
2017-02-22,1.45,1.31,1.46,1.28,-0.06,-1,1630000,107,2284490
2017-02-23,1.32,1.21,1.34,1.21,-0.1,-1,345000,32,439900
2017-02-24,1.25,1.23,1.28,1.22,0.02,1,43000,8,53120
2017-03-01,1.21,1.17,1.24,1.17,-0.06,-1,192000,15,230820
2017-03-02,1.14,1.07,1.14,1.07,-0.1,-1,55000,8,60450
2017-03-03,1.09,1.17,1.17,1.09,0.1,1,60000,8,67340
2017-03-06,1.15,1.2,1.2,1.15,0.03,1,48000,6,56280
2017-03-07,1.19,1.2,1.2,1.13,0.0,0,38000,5,44790
2017-03-08,1.21,1.32,1.32,1.18,0.12,1,105000,11,131240
2017-03-09,1.36,1.16,1.45,1.13,-0.16,-1,289000,30,385080
2017-03-10,1.18,1.14,1.18,1.0,-0.02,-1,161000,19,176300
2017-03-13,1.1,1.16,1.16,1.1,0.02,1,7000,2,7820
2017-03-14,1.2,1.31,1.34,1.2,0.15,1,82000,10,106670
2017-03-15,1.53,1.2,1.58,1.2,-0.11,-1,209000,25,305890
2017-03-16,1.2,1.19,1.22,1.17,-0.01,-1,144000,9,171540
2017-03-17,1.29,1.25,1.29,1.24,0.06,1,20000,5,25010
2017-03-20,1.34,1.25,1.34,1.25,0.0,0,23000,3,29220
2017-03-21,1.24,1.17,1.24,1.17,-0.08,-1,18000,3,21520
2017-03-22,1.06,1.14,1.14,1.06,-0.03,-1,30000,4,32600
2017-03-23,1.12,1.1,1.17,1.1,-0.04,-1,35000,4,39800
2017-03-24,1.11,1.04,1.11,1.04,-0.06,-1,31000,5,33740
2017-03-27,0.94,0.82,0.94,0.82,-0.22,-1,25000,3,22000
2017-03-28,0.82,0.77,0.82,0.74,-0.05,-1,45000,5,35350
2017-03-29,0.79,0.93,0.93,0.79,0.16,1,215000,22,184250
2017-03-30,0.95,1.05,1.07,0.93,0.12,1,211000,14,202480
2017-03-31,1.07,1.07,1.13,1.0,0.02,1,100000,11,108740
2017-04-05,1.0,1.03,1.03,0.96,-0.04,-1,102000,8,101120
2017-04-06,1.12,1.12,1.12,1.12,0.09,1,5000,1,5600
2017-04-07,0.98,1.08,1.08,0.98,-0.04,-1,90000,5,90000
2017-04-10,1.03,0.98,1.03,0.98,-0.1,-1,28000,3,28040
2017-04-11,0.89,0.85,0.89,0.85,-0.13,-1,15000,2,13150
2017-04-12,0.83,0.84,0.84,0.83,-0.01,-1,15000,2,12500
2017-04-13,0.76,0.89,0.89,0.76,0.05,1,65000,9,55150
2017-04-14,0.84,0.81,0.91,0.81,-0.08,-1,60000,7,52300
2017-04-17,0.9,0.95,0.95,0.85,0.14,1,93000,11,84190
2017-04-18,0.99,1.1,1.15,0.98,0.15,1,180000,21,189910
2017-04-19,1.0,0.95,1.0,0.95,-0.15,-1,87000,10,85690
2017-04-20,1.0,0.83,1.0,0.82,-0.12,-1,250000,25,231500
2017-04-21,0.84,1.11,1.11,0.84,0.28,1,389000,19,350230
2017-04-24,1.28,0.97,1.3,0.97,-0.14,-1,137000,10,162650
2017-04-25,0.93,1.06,1.06,0.93,0.09,1,53000,7,53360
2017-04-26,1.06,1.15,1.28,1.05,0.09,1,178000,19,208190
2017-04-27,1.2,1.39,1.39,1.14,0.24,1,207000,21,253440
2017-04-28,1.48,1.28,1.49,1.28,-0.11,-1,88000,9,125820
2017-05-02,1.16,1.07,1.16,1.07,-0.21,-1,28000,3,30980
2017-05-03,1.05,0.97,1.15,0.97,-0.1,-1,110000,10,115100
2017-05-04,0.9,0.95,0.95,0.9,-0.02,-1,55000,3,51700
2017-05-05,0.96,0.96,0.96,0.96,0.01,1,25000,6,24000
