date,OP,CP,HP,LP,DF,RD,TV,TC,TO
2016-11-02,0.89,0.77,0.89,0.77,-0.34,-1,366000,9,300970
2016-11-03,0.78,0.65,0.8,0.61,-0.12,-1,869000,21,610730
2016-11-04,0.69,0.79,0.81,0.69,0.14,1,1153000,22,869600
2016-11-07,0.81,0.77,0.81,0.74,-0.02,-1,683000,16,534760
2016-11-08,0.77,0.77,0.8,0.77,0.0,0,120000,7,93300
2016-11-09,0.81,0.67,0.84,0.67,-0.1,-1,200000,8,161200
2016-11-10,0.76,0.9,0.9,0.76,0.23,1,1101000,12,938900
2016-11-11,0.84,0.84,0.85,0.79,-0.06,-1,820000,18,680800
2016-11-14,0.84,0.84,0.84,0.78,0.0,0,1319000,18,1078360
2016-11-15,0.8,0.78,0.83,0.77,-0.06,-1,1189000,17,963500
2016-11-16,0.81,0.81,0.81,0.81,0.03,1,100000,3,81000
2016-11-17,0.77,0.84,0.85,0.75,0.03,1,1135000,15,924600
2016-11-18,0.83,0.83,0.84,0.8,-0.01,-1,1143000,28,941270
2016-11-21,0.8,0.78,0.8,0.78,-0.05,-1,103000,3,81400
2016-11-22,0.79,1.05,1.05,0.79,0.27,1,663000,13,651270
2016-11-23,1.12,1.02,1.16,1.02,-0.03,-1,878000,26,974690
2016-11-24,1.03,1.02,1.06,0.98,0.0,0,503000,23,517940
2016-11-25,1.03,1.2,1.26,1.03,0.18,1,1082000,31,1281060
2016-11-28,1.34,1.24,1.34,1.21,0.04,1,1235000,34,1564950
2016-11-29,1.23,1.26,1.26,1.15,0.02,1,1541000,24,1871960
2016-11-30,1.33,1.39,1.46,1.3,0.13,1,1047000,29,1449910
2016-12-01,1.41,1.35,1.41,1.33,-0.04,-1,243000,7,333950
2016-12-02,1.34,1.42,1.42,1.34,0.07,1,354000,8,498330
2016-12-05,1.44,1.67,1.7,1.44,0.25,1,1520000,26,2410880
2016-12-06,1.66,1.61,1.74,1.6,-0.06,-1,1082000,15,1810680
2016-12-07,1.73,1.8,1.81,1.73,0.19,1,1317000,23,2314110
2016-12-08,1.84,1.77,1.85,1.71,-0.03,-1,1164000,17,2096490
2016-12-09,1.79,1.6,1.79,1.6,-0.17,-1,559000,21,952580
2016-12-12,1.71,1.59,1.71,1.59,-0.01,-1,277000,10,459030
2016-12-13,1.58,1.5,1.58,1.43,-0.09,-1,201000,9,294610
2016-12-14,1.49,1.63,1.65,1.49,0.13,1,642000,15,1011820
2016-12-15,1.64,1.7,1.72,1.62,0.07,1,2804000,34,4708420
2016-12-16,1.72,1.66,1.72,1.62,-0.04,-1,3028000,62,5017410
2016-12-19,1.67,1.71,1.8,1.67,0.05,1,2669000,56,4605200
2016-12-20,1.69,1.63,1.69,1.6,-0.08,-1,1511000,23,2468300
2016-12-21,1.71,1.44,1.71,1.4,-0.19,-1,1591000,40,2359360
2016-12-22,1.31,1.44,1.45,1.24,0.0,0,2138000,34,2830270
2016-12-23,1.5,1.41,1.5,1.4,-0.03,-1,1500000,20,2167440
2016-12-26,1.32,1.3,1.32,1.28,-0.11,-1,619000,12,812420
2016-12-27,1.31,1.28,1.31,1.25,-0.02,-1,710000,13,911050
2016-12-28,1.37,1.35,1.4,1.35,0.07,1,244000,10,330190
2016-12-29,1.29,1.27,1.3,1.27,-0.08,-1,23000,3,29520
2016-12-30,1.31,1.27,1.33,1.27,0.0,0,231000,5,302030
2017-01-03,1.28,1.27,1.29,1.27,0.0,0,390000,7,500300
2017-01-04,1.32,1.4,1.43,1.31,0.13,1,761000,20,1046120
2017-01-05,1.36,1.34,1.36,1.34,-0.06,-1,1166000,19,1573010
2017-01-06,1.3,1.32,1.34,1.26,-0.02,-1,1486000,18,1928150
2017-01-09,1.23,1.24,1.26,1.23,-0.08,-1,180000,6,224200
2017-01-10,1.17,1.13,1.17,1.11,-0.11,-1,505000,8,570710
2017-01-11,1.12,1.09,1.12,1.09,-0.04,-1,54000,3,60030
2017-01-12,1.15,1.15,1.15,1.14,0.06,1,134000,4,153230
2017-01-13,1.1,1.14,1.15,1.1,-0.01,-1,189000,5,215850
2017-01-16,1.27,1.3,1.37,1.27,0.16,1,1102000,24,1464480
2017-01-17,1.32,1.24,1.32,1.23,-0.06,-1,1050000,16,1342800
2017-01-18,1.29,1.33,1.37,1.27,0.09,1,1336000,32,1791500
2017-01-19,1.38,1.27,1.38,1.26,-0.06,-1,931000,19,1244650
2017-01-20,1.26,1.2,1.26,1.2,-0.07,-1,629000,11,771740
2017-01-23,1.29,1.23,1.29,1.23,0.03,1,215000,9,270790
2017-01-24,1.25,1.3,1.3,1.25,0.07,1,190000,7,245300
2017-02-02,1.3,1.21,1.3,1.19,-0.09,-1,293000,16,356360
2017-02-03,1.23,1.2,1.23,1.2,-0.01,-1,25000,4,30250
2017-02-06,1.3,1.47,1.56,1.3,0.27,1,1540000,49,2268620
2017-02-07,1.34,1.28,1.34,1.27,-0.19,-1,1218000,40,1595750
2017-02-08,1.3,1.19,1.3,1.19,-0.09,-1,91000,14,110180
2017-02-09,1.21,1.22,1.29,1.21,0.03,1,120000,9,148660
2017-02-10,1.27,1.25,1.37,1.24,0.03,1,501000,32,646990
2017-02-13,1.25,1.33,1.35,1.25,0.08,1,858000,21,1119260
2017-02-14,1.35,1.27,1.36,1.26,-0.06,-1,771000,28,1017690
2017-02-15,1.24,1.23,1.27,1.22,-0.04,-1,191000,10,236780
2017-02-16,1.2,1.19,1.24,1.17,-0.04,-1,132000,8,157090
2017-02-17,1.2,1.25,1.27,1.2,0.06,1,357000,11,441590
2017-02-18,1.27,1.27,1.3,1.21,0.02,1,439000,10,552680
2017-02-20,1.28,1.27,1.5,1.27,0.0,0,1162000,48,1579150
2017-02-21,1.23,1.17,1.24,1.15,-0.1,-1,715000,32,864020
2017-02-22,1.19,1.25,1.26,1.18,0.08,1,606000,15,742570
2017-02-23,1.23,1.22,1.26,1.2,-0.03,-1,549000,14,684430
2017-02-24,1.18,1.19,1.19,1.15,-0.03,-1,359000,8,420530
2017-03-01,0.99,0.91,1.01,0.91,-0.28,-1,122000,6,121270
2017-03-02,0.91,0.75,0.91,0.69,-0.16,-1,282000,16,211670
2017-03-03,0.74,0.73,0.78,0.73,-0.02,-1,530000,11,394880
2017-03-06,0.75,0.75,0.75,0.74,0.02,1,445000,7,330000
2017-03-07,0.78,0.76,0.78,0.76,0.01,1,70000,2,53600
2017-03-08,0.67,0.7,0.7,0.67,-0.06,-1,50000,2,34700
2017-03-09,0.71,0.75,0.75,0.71,0.05,1,330000,7,242700
2017-03-10,0.67,0.72,0.72,0.66,-0.03,-1,300000,3,203000
2017-03-13,0.71,0.71,0.71,0.71,-0.01,-1,50000,1,35500
2017-03-14,0.63,0.64,0.64,0.63,-0.07,-1,60000,2,38200
2017-03-15,0.75,0.72,0.77,0.72,0.08,1,598000,6,439260
2017-03-16,0.7,0.7,0.7,0.7,-0.02,-1,10000,1,7000
2017-03-20,0.7,0.7,0.7,0.7,0.01,1,210000,2,147000
2017-03-21,0.75,0.73,0.75,0.73,0.03,1,70000,2,51500
2017-03-24,0.72,0.72,0.72,0.72,0.01,1,10000,1,7200
2017-03-27,0.79,0.73,0.79,0.73,0.01,1,220000,5,165280
2017-03-28,0.65,0.65,0.65,0.65,-0.08,-1,73000,1,47450
2017-03-29,0.7,0.7,0.7,0.7,0.05,1,225000,2,157500
2017-03-30,0.69,0.68,0.69,0.68,-0.02,-1,230000,4,156500
2017-03-31,0.68,0.69,0.72,0.68,0.01,1,337000,4,235160
2017-04-05,0.65,0.58,0.65,0.57,-0.11,-1,425000,7,267500
2017-04-10,0.65,0.65,0.71,0.64,0.1,1,730000,9,483060
2017-04-11,0.62,0.57,0.62,0.57,-0.08,-1,425000,13,256190
2017-04-12,0.6,0.58,0.61,0.58,0.01,1,129000,3,77240
2017-04-13,0.57,0.56,0.61,0.56,-0.02,-1,520000,9,301090
2017-04-14,0.53,0.55,0.55,0.53,-0.01,-1,145000,3,79610
2017-04-17,0.43,0.42,0.43,0.4,-0.13,-1,67000,3,27470
2017-04-18,0.46,0.45,0.46,0.45,0.03,1,30000,2,13600
2017-04-19,0.49,0.48,0.49,0.48,0.03,1,486000,4,235690
2017-04-20,0.49,0.49,0.49,0.49,0.01,1,245000,1,120050
2017-04-21,0.52,0.52,0.52,0.52,0.03,1,20000,1,10400
2017-04-28,0.58,0.52,0.67,0.52,0.04,1,143000,5,91500
2017-05-02,0.49,0.53,0.53,0.48,0.01,1,134000,6,66060
