date,OP,CP,HP,LP,DF,RD,TV,TC,TO
2016-10-31,1.02,1.02,1.02,1.02,0.01,1,100000,1,102000
2016-11-01,1.03,1.09,1.09,1.03,0.07,1,200000,2,212000
2016-11-02,0.99,0.94,0.99,0.94,-0.15,-1,183000,6,174780
2016-11-03,0.9,0.82,0.9,0.82,-0.12,-1,122000,2,106680
2016-11-04,0.89,0.89,0.89,0.89,0.07,1,39000,1,34710
2016-11-11,0.68,0.68,0.68,0.68,-0.15,-1,27000,2,18360
2016-11-14,0.69,0.69,0.69,0.69,0.01,1,2000,1,1380
2016-11-15,0.71,0.7,0.71,0.7,0.01,1,58000,2,40870
2016-11-16,0.69,0.69,0.69,0.69,-0.01,-1,31000,1,21390
2016-11-21,0.76,0.77,0.77,0.76,0.06,1,103000,4,78400
2016-11-22,0.74,0.74,0.74,0.74,-0.03,-1,91000,3,67340
2016-11-23,0.73,0.74,0.74,0.73,0.0,0,108000,2,78920
2016-11-24,0.77,0.75,0.77,0.75,0.01,1,101000,4,76850
2016-11-25,0.69,0.67,0.69,0.67,-0.08,-1,12000,2,8260
2016-11-28,0.67,0.65,0.67,0.65,-0.02,-1,100000,2,66200
2016-11-29,0.62,0.59,0.62,0.59,-0.06,-1,108000,2,64020
2016-12-01,0.63,0.7,0.7,0.63,0.08,1,50000,2,33600
2016-12-02,0.72,0.69,0.72,0.69,-0.01,-1,186000,3,132420
2016-12-05,0.73,0.72,0.73,0.72,0.03,1,136000,3,98450
2016-12-06,0.74,0.74,0.74,0.74,0.02,1,5000,1,3700
2016-12-07,0.83,0.82,0.83,0.78,0.08,1,32000,4,25940
2016-12-08,0.82,0.83,0.85,0.82,0.01,1,23000,4,19110
2016-12-09,0.8,0.78,0.8,0.78,-0.05,-1,25000,2,19800
2016-12-12,0.8,0.84,0.84,0.8,0.06,1,15000,2,12200
2016-12-13,0.86,0.81,0.86,0.81,-0.03,-1,71000,5,60360
2016-12-14,0.88,0.88,0.9,0.88,0.07,1,122000,4,107630
2016-12-15,0.91,0.9,0.92,0.9,0.02,1,355000,9,323540
2016-12-16,0.96,1.09,1.14,0.96,0.19,1,345000,22,355010
2016-12-19,1.18,1.1,1.18,1.08,0.01,1,62000,5,69750
2016-12-20,1.14,1.14,1.14,1.14,0.04,1,10000,1,11400
2016-12-21,1.1,1.1,1.1,1.1,-0.04,-1,1000,1,1100
2016-12-22,1.01,1.01,1.01,1.01,-0.09,-1,28000,1,28280
2016-12-26,0.96,0.99,0.99,0.9,0.05,1,423000,5,391480
2016-12-27,0.98,1.01,1.01,0.97,0.02,1,498000,29,496040
2016-12-28,1.06,1.1,1.1,1.06,0.09,1,214000,5,230270
2016-12-29,1.08,1.07,1.16,1.07,-0.03,-1,145000,8,160750
2016-12-30,1.08,1.07,1.08,1.07,0.0,0,50000,2,53570
2017-01-03,1.05,1.03,1.05,1.03,-0.04,-1,66000,4,68640
2017-01-04,0.97,1.12,1.12,0.97,0.09,1,225000,7,236640
2017-01-05,1.19,1.52,1.52,1.19,0.4,1,284000,14,363130
2017-01-06,1.45,1.47,1.47,1.34,-0.05,-1,314000,21,445420
2017-01-09,1.42,1.36,1.42,1.36,-0.11,-1,84000,7,116720
2017-01-10,1.35,1.43,1.43,1.34,0.07,1,220000,10,306180
2017-01-11,1.68,1.54,1.68,1.53,0.11,1,256000,26,410690
2017-01-12,1.58,1.62,1.62,1.54,0.08,1,213000,9,337350
2017-01-13,1.62,1.52,1.65,1.52,-0.1,-1,304000,22,482360
2017-01-16,1.5,1.33,1.5,1.32,-0.19,-1,176000,8,248970
2017-01-17,1.44,1.41,1.56,1.41,0.08,1,343000,14,502480
2017-01-18,1.48,1.42,1.51,1.42,0.01,1,340000,13,497120
2017-01-19,1.46,1.46,1.53,1.44,0.04,1,159000,9,232720
2017-01-20,1.45,1.61,1.77,1.45,0.15,1,305000,20,497080
2017-01-23,1.69,1.82,1.82,1.69,0.21,1,288000,17,505240
2017-01-24,2.01,1.69,2.01,1.69,-0.13,-1,97000,12,182290
2017-02-02,1.59,1.56,1.59,1.5,-0.13,-1,66000,5,99780
2017-02-03,1.77,1.54,1.78,1.54,-0.02,-1,147000,10,243650
2017-02-06,1.46,1.48,1.53,1.44,-0.06,-1,158000,9,234480
2017-02-07,1.58,1.69,1.7,1.58,0.21,1,228000,10,380540
2017-02-08,1.7,1.72,1.85,1.63,0.03,1,297000,16,499340
2017-02-09,1.77,1.7,1.77,1.69,-0.02,-1,116000,5,199540
2017-02-10,1.74,1.6,1.75,1.6,-0.1,-1,64000,8,108450
2017-02-13,1.58,1.67,1.69,1.58,0.07,1,612000,18,990410
2017-02-14,1.81,1.7,1.83,1.7,0.03,1,593000,48,1029250
2017-02-15,1.58,1.63,1.63,1.58,-0.07,-1,59000,2,93420
2017-02-16,1.64,1.54,1.64,1.54,-0.09,-1,119000,4,184860
2017-02-17,1.52,1.59,1.59,1.52,0.05,1,110000,3,171050
2017-02-18,1.59,1.68,1.83,1.53,0.09,1,214000,8,340030
2017-02-20,1.63,1.38,1.64,1.36,-0.3,-1,171000,10,267930
2017-02-21,1.2,1.11,1.2,1.11,-0.27,-1,32000,5,37220
2017-02-22,1.25,1.23,1.25,1.23,0.12,1,58000,2,72340
2017-02-23,1.26,1.25,1.27,1.23,0.02,1,136000,5,169380
2017-02-24,1.25,1.25,1.28,1.21,0.0,0,86000,8,105960
2017-03-01,1.26,1.21,1.26,1.21,-0.04,-1,35000,4,43350
2017-03-02,1.28,1.32,1.32,1.28,0.11,1,175000,5,226200
2017-03-03,1.21,1.28,1.28,1.19,-0.04,-1,228000,10,278670
2017-03-06,1.3,1.45,1.46,1.3,0.17,1,348000,13,488620
2017-03-07,1.52,1.47,1.58,1.47,0.02,1,397000,35,607880
2017-03-08,1.44,1.65,1.65,1.44,0.18,1,90000,4,140300
2017-03-09,1.58,1.58,1.58,1.58,-0.07,-1,2000,1,3160
2017-03-10,1.63,1.69,1.69,1.63,0.11,1,100000,6,166100
2017-03-13,1.73,2.21,2.21,1.73,0.52,1,105000,14,194850
2017-03-14,2.29,2.18,2.29,2.18,-0.03,-1,10000,2,22350
2017-03-15,2.1,2.23,2.23,2.1,0.05,1,29000,4,63820
2017-03-16,1.96,1.97,1.97,1.95,-0.26,-1,102000,5,199860
2017-03-17,1.97,2.14,2.14,1.97,0.17,1,14000,3,28750
2017-03-20,2.24,2.52,2.52,2.24,0.38,1,11000,2,25200
2017-03-21,2.49,2.49,2.49,2.49,-0.03,-1,2000,1,4980
2017-03-23,2.45,2.51,2.51,2.45,0.16,1,20000,2,49600
2017-03-24,2.39,2.53,2.53,2.39,0.02,1,40000,4,99200
2017-03-27,2.4,2.43,2.43,2.4,-0.1,-1,50000,5,120900
2017-03-28,2.3,1.98,2.32,1.98,-0.45,-1,53000,6,115770
2017-03-31,3.01,3.01,3.01,3.01,0.3,1,10000,1,30100
2017-04-05,3.05,3.05,3.05,3.05,0.04,1,10000,1,30500
2017-04-17,3.11,3.31,3.4,3.11,-0.55,-1,40000,6,132050
2017-04-18,3.4,3.09,3.43,3.05,-0.22,-1,40000,6,130600
2017-04-20,2.73,2.74,2.74,2.73,0.14,1,30000,3,82100
2017-04-21,2.73,2.71,2.73,2.71,-0.03,-1,30000,3,81500
