date,OP,CP,HP,LP,DF,RD,TV,TC,TO
2016-11-10,0.9,0.96,0.98,0.9,0.21,1,386000,5,363980
2016-11-11,1.2,1.13,1.23,1.1,0.17,1,621000,10,729090
2016-11-14,1.11,1.22,1.22,1.06,0.09,1,141000,5,158380
2016-11-15,1.27,1.2,1.27,1.18,-0.02,-1,155000,8,190990
2016-11-16,1.23,1.18,1.23,1.18,-0.02,-1,218000,8,262300
2016-11-17,1.17,1.43,1.47,1.17,0.25,1,828000,27,1065360
2016-11-18,1.41,1.43,1.64,1.4,0.0,0,1331000,41,1994890
2016-11-21,1.41,1.54,1.57,1.41,0.11,1,1014000,26,1526600
2016-11-22,1.59,1.5,1.59,1.49,-0.04,-1,506000,10,801360
2016-11-23,1.48,1.52,1.54,1.48,0.02,1,261000,8,396560
2016-11-24,1.45,1.43,1.45,1.43,-0.09,-1,271000,7,392610
2016-11-25,1.45,1.62,1.7,1.45,0.19,1,443000,19,696330
2016-11-28,1.61,1.62,1.63,1.58,0.0,0,474000,11,764810
2016-11-29,1.52,1.59,1.59,1.52,-0.03,-1,215000,5,336910
2016-11-30,1.53,1.53,1.57,1.53,-0.06,-1,206000,5,319700
2016-12-01,1.52,1.53,1.53,1.52,0.0,0,204000,3,311600
2016-12-02,1.52,1.52,1.52,1.52,-0.01,-1,152000,2,231040
2016-12-05,1.46,1.46,1.46,1.46,-0.06,-1,55000,1,80300
2016-12-06,1.58,1.61,1.78,1.58,0.15,1,223000,7,381600
2016-12-07,1.63,1.64,1.64,1.59,0.03,1,203000,4,328940
2016-12-08,1.69,1.76,1.76,1.64,0.12,1,353000,12,602970
2016-12-09,1.8,1.72,1.82,1.72,-0.04,-1,406000,12,725590
2016-12-12,1.69,1.6,1.69,1.6,-0.12,-1,125000,3,205040
2016-12-13,1.54,1.54,1.54,1.54,-0.06,-1,25000,1,38500
2016-12-15,1.54,1.58,1.58,1.54,0.0,0,152000,4,238080
2016-12-16,1.56,1.51,1.56,1.51,-0.07,-1,152000,4,235820
2016-12-19,1.55,1.55,1.55,1.55,0.04,1,4000,1,6200
2016-12-20,1.54,1.44,1.54,1.44,-0.11,-1,28000,3,41120
2016-12-21,1.41,1.31,1.41,1.31,-0.13,-1,9000,2,12190
2016-12-23,1.22,1.21,1.22,1.21,-0.02,-1,7000,2,8520
2016-12-27,1.19,1.19,1.19,1.19,-0.02,-1,100000,1,119000
2016-12-28,1.24,1.26,1.26,1.24,0.07,1,103000,3,129160
2016-12-29,1.26,1.27,1.27,1.25,0.01,1,125000,4,157700
2016-12-30,1.34,1.34,1.34,1.34,0.07,1,120000,1,160800
2017-01-04,1.33,1.33,1.33,1.33,-0.01,-1,60000,1,79800
2017-01-05,1.32,1.33,1.34,1.32,0.0,0,180000,4,239000
2017-01-06,1.65,2.0,2.0,1.57,0.67,1,330000,15,543800
2017-01-09,1.91,1.73,1.97,1.73,-0.27,-1,340000,20,648470
2017-01-10,1.79,1.66,1.79,1.65,-0.07,-1,116000,11,202180
2017-01-11,1.52,1.58,1.58,1.52,-0.08,-1,24000,6,36780
2017-01-12,1.56,1.55,1.56,1.55,-0.03,-1,23000,2,35850
2017-01-13,1.54,1.41,1.65,1.41,-0.14,-1,119000,8,183050
2017-01-16,1.38,1.27,1.38,1.26,-0.14,-1,119000,7,156340
2017-01-17,1.32,1.32,1.32,1.32,0.05,1,40000,2,52800
2017-01-18,1.28,1.32,1.32,1.28,0.0,0,120000,4,156000
2017-01-19,1.35,1.34,1.35,1.34,0.02,1,43000,2,58020
2017-01-20,1.19,1.26,1.3,1.19,-0.08,-1,31000,5,39050
2017-01-23,1.24,1.2,1.24,1.2,-0.06,-1,35000,2,42800
2017-02-02,1.25,1.28,1.28,1.25,0.08,1,45000,3,56400
2017-02-03,1.37,1.44,1.44,1.37,0.16,1,80000,4,111600
2017-02-06,1.56,1.57,1.63,1.52,0.13,1,140000,11,218790
2017-02-07,1.55,1.53,1.57,1.53,-0.04,-1,87000,4,134970
2017-02-08,1.49,1.55,1.64,1.49,0.02,1,90000,5,138400
2017-02-09,1.8,1.63,1.8,1.55,0.08,1,203000,13,336640
2017-02-10,1.57,1.55,1.57,1.55,-0.08,-1,84000,5,131080
2017-02-13,1.45,1.45,1.45,1.45,-0.1,-1,20000,1,29000
2017-02-14,1.41,1.35,1.41,1.35,-0.1,-1,40000,2,55200
2017-02-15,1.33,1.37,1.37,1.33,0.02,1,40000,2,54000
2017-02-16,1.37,1.37,1.37,1.37,0.0,0,40000,1,54800
2017-02-18,1.34,1.36,1.38,1.34,0.11,1,70000,4,95600
2017-02-20,1.36,1.3,1.36,1.3,-0.06,-1,60000,4,79200
2017-02-21,1.24,1.23,1.24,1.23,-0.07,-1,30000,2,37100
2017-02-22,1.24,1.29,1.29,1.24,0.06,1,27000,2,33830
2017-02-23,1.27,1.3,1.3,1.27,0.01,1,81000,6,103400
2017-02-24,1.56,1.5,1.56,1.5,0.2,1,118000,5,182250
2017-03-01,1.44,1.44,1.45,1.44,-0.06,-1,60000,4,86600
2017-03-02,1.55,1.89,1.98,1.55,0.45,1,447000,29,753790
2017-03-03,2.17,2.3,2.37,2.14,0.41,1,449000,42,1024880
2017-03-06,2.27,2.32,2.5,2.27,0.02,1,37000,7,87400
2017-03-08,2.54,2.54,2.54,2.54,0.25,1,10000,2,25400
2017-03-09,2.42,2.42,2.42,2.42,-0.12,-1,10000,1,24200
2017-03-10,2.18,2.24,2.24,2.18,-0.18,-1,20000,2,44200
2017-03-13,2.57,2.57,2.57,2.57,0.33,1,3000,1,7710
2017-03-14,2.86,2.86,2.86,2.86,0.29,1,10000,1,28600
2017-03-16,2.98,2.98,2.98,2.98,0.1,1,10000,1,29800
2017-03-22,2.35,2.35,2.35,2.35,-0.14,-1,10000,1,23500
2017-03-29,1.89,2.1,2.1,1.89,0.25,1,40000,2,77700
2017-03-30,2.2,2.2,2.2,2.2,0.1,1,30000,2,66000
2017-03-31,2.27,2.27,2.27,2.27,0.07,1,10000,1,22700
