date,OP,CP,HP,LP,DF,RD,TV,TC,TO
2016-11-11,1.42,1.42,1.42,1.42,-0.17,-1,300000,1,426000
2016-11-14,1.37,1.46,1.46,1.37,0.04,1,518000,4,726330
2016-11-15,1.37,1.24,1.37,1.18,-0.22,-1,442000,5,564220
2016-11-16,1.23,1.05,1.3,1.05,-0.19,-1,1712000,51,2055800
2016-11-17,1.04,1.09,1.16,0.98,0.04,1,3107000,64,3262610
2016-11-18,1.11,1.15,1.2,1.06,0.06,1,2258000,39,2502530
2016-11-21,1.15,1.1,1.22,1.1,-0.05,-1,316000,14,372510
2016-11-22,1.14,1.14,1.18,1.1,0.04,1,1230000,38,1412520
2016-11-23,1.16,1.19,1.24,1.14,0.05,1,3022000,62,3595710
2016-11-24,1.16,1.17,1.23,1.14,-0.02,-1,3434000,58,4093550
2016-11-25,1.21,1.21,1.26,1.18,0.04,1,1106000,50,1348390
2016-11-28,1.21,1.27,1.27,1.16,0.06,1,1826000,45,2237920
2016-11-29,1.1,0.94,1.11,0.93,-0.33,-1,3009000,79,3019640
2016-11-30,0.86,0.85,0.91,0.82,-0.09,-1,1137000,106,971440
2016-12-01,0.87,0.84,0.87,0.83,-0.01,-1,1056000,49,895070
2016-12-02,0.86,0.71,0.87,0.69,-0.13,-1,1622000,69,1255810
2016-12-05,0.68,0.8,0.8,0.68,0.09,1,789000,29,581790
2016-12-06,0.93,1.11,1.11,0.93,0.31,1,2782000,85,2716360
2016-12-07,1.13,1.04,1.13,1.03,-0.07,-1,2272000,78,2412000
2016-12-08,1.07,0.95,1.09,0.95,-0.09,-1,814000,36,846240
2016-12-09,0.99,0.98,1.01,0.95,0.03,1,729000,23,705770
2016-12-12,1.01,0.93,1.03,0.92,-0.05,-1,454000,37,436060
2016-12-13,0.9,0.91,0.91,0.82,-0.02,-1,383000,43,328090
2016-12-14,0.94,1.0,1.06,0.92,0.09,1,769000,73,767770
2016-12-15,0.95,0.99,1.02,0.94,-0.01,-1,286000,29,278100
2016-12-16,0.82,0.95,0.95,0.82,-0.04,-1,666000,34,622630
2016-12-19,0.93,0.92,1.0,0.92,-0.03,-1,750000,79,723550
2016-12-20,0.9,0.78,0.91,0.75,-0.14,-1,948000,76,755970
2016-12-21,0.84,0.8,0.85,0.8,0.02,1,173000,19,141960
2016-12-22,0.86,0.99,0.99,0.86,0.19,1,336000,35,305900
2016-12-23,0.91,0.87,0.91,0.87,-0.12,-1,553000,40,491780
2016-12-26,0.9,0.86,0.91,0.86,-0.01,-1,560000,37,495810
2016-12-27,0.85,0.83,0.86,0.83,-0.03,-1,250000,15,209930
2016-12-28,0.84,0.91,0.91,0.83,0.08,1,158000,24,137000
2016-12-29,0.9,0.9,0.95,0.89,-0.01,-1,338000,27,312850
2016-12-30,0.92,0.89,0.92,0.89,-0.01,-1,419000,18,374430
2017-01-03,0.93,0.99,1.04,0.93,0.1,1,696000,70,681200
2017-01-04,1.03,0.96,1.04,0.95,-0.03,-1,1077000,80,1066220
2017-01-05,0.99,0.97,1.02,0.95,0.01,1,1009000,85,986200
2017-01-06,1.02,1.0,1.06,0.98,0.03,1,1070000,72,1085000
2017-01-09,0.91,0.84,0.92,0.82,-0.16,-1,910000,68,799060
2017-01-10,0.84,0.85,0.86,0.83,0.01,1,224000,17,189180
2017-01-11,0.86,0.85,0.87,0.83,0.0,0,88000,10,74590
2017-01-12,0.88,0.86,0.89,0.85,0.01,1,282000,34,243650
2017-01-13,0.87,0.87,0.93,0.86,0.01,1,245000,33,218950
2017-01-16,0.9,0.91,0.94,0.89,0.04,1,267000,32,243250
2017-01-17,0.97,0.92,0.98,0.92,0.01,1,418000,36,392410
2017-01-18,0.88,0.93,0.93,0.88,0.01,1,516000,23,469670
2017-01-19,0.94,0.93,0.96,0.91,0.0,0,462000,23,432250
2017-01-20,0.91,0.88,0.91,0.87,-0.05,-1,504000,51,445060
2017-01-23,0.9,0.92,0.95,0.9,0.04,1,565000,24,511730
2017-01-24,0.92,0.84,0.93,0.84,-0.08,-1,289000,20,259600
2017-02-02,0.84,0.91,0.92,0.83,0.07,1,521000,53,467010
2017-02-03,1.0,1.3,1.3,0.99,0.39,1,1681000,88,1930660
2017-02-06,1.31,1.21,1.36,1.2,-0.09,-1,1608000,137,2062950
2017-02-07,1.24,1.24,1.3,1.19,0.03,1,3695000,84,4600050
2017-02-08,1.19,1.18,1.21,1.15,-0.06,-1,1458000,96,1716350
2017-02-09,1.2,1.32,1.45,1.2,0.14,1,3820000,186,4967010
2017-02-10,1.34,1.31,1.42,1.29,-0.01,-1,4169000,119,5678260
2017-02-13,1.35,1.31,1.38,1.27,0.0,0,1124000,51,1464940
2017-02-14,1.46,1.36,1.51,1.35,0.05,1,2218000,110,3186080
2017-02-15,1.36,1.34,1.38,1.33,-0.02,-1,969000,48,1307220
2017-02-16,1.34,1.2,1.34,1.2,-0.14,-1,2168000,91,2719860
2017-02-17,1.23,1.16,1.23,1.13,-0.04,-1,1533000,59,1775200
2017-02-18,1.22,1.22,1.24,1.19,0.06,1,533000,36,642090
2017-02-20,1.18,1.14,1.27,1.13,-0.08,-1,955000,36,1164260
2017-02-21,1.15,1.09,1.15,1.08,-0.05,-1,1241000,60,1371970
2017-02-22,1.14,1.09,1.15,1.08,0.0,0,1764000,59,1931180
2017-02-23,1.11,1.1,1.11,1.08,0.01,1,451000,34,495570
2017-02-24,1.06,0.98,1.06,0.93,-0.12,-1,1172000,80,1146660
2017-03-01,0.9,0.92,0.92,0.86,-0.06,-1,398000,44,356660
2017-03-02,0.98,0.88,0.98,0.86,-0.04,-1,947000,52,861540
2017-03-03,0.84,0.82,0.86,0.81,-0.06,-1,783000,38,653700
2017-03-06,0.84,0.85,0.85,0.83,0.03,1,644000,21,542730
2017-03-07,0.98,0.86,0.98,0.84,0.01,1,763000,39,653190
2017-03-08,0.6,0.45,0.65,0.43,-0.41,-1,581000,56,281650
2017-03-09,0.41,0.48,0.48,0.4,0.03,1,2164000,107,936430
2017-03-10,0.47,0.5,0.51,0.46,0.02,1,1144000,47,564380
2017-03-13,0.51,0.47,0.51,0.45,-0.03,-1,527000,22,252260
2017-03-14,0.49,0.48,0.49,0.47,0.01,1,1437000,22,691370
2017-03-15,0.5,0.51,0.54,0.5,0.03,1,683000,32,357900
2017-03-16,0.52,0.53,0.53,0.52,0.02,1,486000,16,256180
2017-03-17,0.52,0.48,0.52,0.46,-0.05,-1,539000,26,255230
2017-03-20,0.47,0.48,0.49,0.46,0.0,0,381000,10,179970
2017-03-21,0.46,0.42,0.46,0.42,-0.06,-1,602000,20,260040
2017-03-22,0.39,0.39,0.4,0.38,-0.03,-1,687000,31,265930
2017-03-23,0.42,0.43,0.45,0.42,0.04,1,230000,23,99890
2017-03-24,0.41,0.41,0.41,0.41,-0.02,-1,210000,18,86100
2017-03-27,0.4,0.4,0.42,0.4,-0.01,-1,220000,9,89950
2017-03-28,0.4,0.38,0.4,0.34,-0.02,-1,1047000,31,378450
2017-03-29,0.39,0.42,0.45,0.38,0.04,1,899000,28,379710
2017-03-30,0.41,0.39,0.41,0.39,-0.03,-1,272000,10,109800
2017-03-31,0.39,0.38,0.4,0.38,-0.01,-1,388000,17,152700
2017-04-05,0.4,0.39,0.41,0.38,0.01,1,888000,18,345280
2017-04-06,0.37,0.35,0.37,0.35,-0.04,-1,451000,10,161460
2017-04-07,0.35,0.32,0.35,0.31,-0.03,-1,1089000,22,353870
2017-04-10,0.32,0.25,0.32,0.22,-0.07,-1,1172000,29,324840
2017-04-11,0.25,0.15,0.25,0.15,-0.1,-1,2044000,59,362930
2017-04-12,0.14,0.1,0.14,0.1,-0.05,-1,1982000,41,233910
2017-04-13,0.13,0.1,0.13,0.1,0.0,0,419000,6,48270
2017-04-14,0.12,0.11,0.12,0.1,0.01,1,932000,15,97520
2017-04-17,0.12,0.12,0.12,0.12,0.01,1,30000,3,3600
2017-04-18,0.1,0.1,0.1,0.1,-0.02,-1,30000,2,3000
2017-04-19,0.1,0.13,0.13,0.09,0.03,1,629000,21,74980
2017-04-20,0.14,0.11,0.14,0.11,-0.02,-1,565000,13,76970
2017-04-21,0.13,0.11,0.13,0.11,0.0,0,58000,5,6880
2017-04-24,0.11,0.11,0.11,0.11,0.0,0,40000,2,4400
2017-04-25,0.1,0.1,0.1,0.08,-0.01,-1,350000,3,29000
2017-04-26,0.11,0.1,0.11,0.1,0.0,0,40000,2,4100
2017-04-27,0.11,0.11,0.11,0.11,0.01,1,15000,2,1650
2017-04-28,0.09,0.09,0.09,0.09,-0.02,-1,300000,4,27000
2017-05-02,0.08,0.08,0.08,0.08,-0.01,-1,81000,2,6480
2017-05-03,0.07,0.08,0.08,0.07,0.0,0,120000,3,8500
2017-05-04,0.1,0.1,0.1,0.1,0.02,1,140000,6,14000
2017-05-05,0.1,0.08,0.11,0.08,-0.02,-1,113000,7,10340
2017-05-08,0.05,0.04,0.06,0.04,-0.04,-1,485000,6,23500
2017-05-09,0.04,0.07,0.07,0.03,0.03,1,505000,8,18200
2017-05-10,0.04,0.04,0.05,0.04,-0.03,-1,220000,6,9500
2017-05-11,0.05,0.04,0.05,0.04,0.0,0,260000,2,11400
2017-05-12,0.04,0.06,0.07,0.04,0.02,1,130000,7,7300
2017-05-15,0.03,0.05,0.05,0.03,-0.01,-1,70000,4,3000
2017-05-16,0.07,0.07,0.07,0.07,0.02,1,10000,1,700
2017-05-17,0.07,0.07,0.07,0.07,0.0,0,1000,1,70
2017-05-23,0.02,0.02,0.02,0.02,-0.01,-1,40000,2,800
2017-05-26,0.02,0.02,0.02,0.02,0.0,0,60000,2,1200
2017-06-05,0.01,0.04,0.04,0.01,0.02,1,126000,3,1420
