date,OP,CP,HP,LP,DF,RD,TV,TC,TO
2016-11-11,0.77,0.88,0.94,0.73,0.05,1,1013000,33,913130
2016-11-14,0.9,0.88,0.9,0.85,0.0,0,2174000,38,1926620
2016-11-15,0.81,0.78,0.83,0.78,-0.1,-1,1156000,25,926590
2016-11-16,0.75,0.79,0.81,0.75,0.01,1,98000,10,76360
2016-11-17,0.81,0.78,0.81,0.78,-0.01,-1,149000,8,118120
2016-11-18,0.73,0.76,0.76,0.71,-0.02,-1,310000,17,225930
2016-11-21,0.8,1.05,1.05,0.79,0.29,1,3156000,92,2775570
2016-11-22,1.08,1.03,1.1,0.99,-0.02,-1,3891000,127,4110070
2016-11-23,1.03,1.0,1.04,0.99,-0.03,-1,1106000,39,1131940
2016-11-24,1.04,1.06,1.1,1.04,0.06,1,1811000,48,1916200
2016-11-25,1.07,1.32,1.33,1.03,0.26,1,3086000,104,3492370
2016-11-28,1.33,1.19,1.38,1.19,-0.13,-1,1543000,65,2021040
2016-11-29,1.19,1.17,1.2,1.12,-0.02,-1,493000,22,570910
2016-11-30,1.21,1.18,1.28,1.16,0.01,1,310000,19,384640
2016-12-01,1.15,1.11,1.15,1.09,-0.07,-1,339000,18,382740
2016-12-02,1.11,1.11,1.16,1.11,0.0,0,335000,13,377530
2016-12-05,1.14,1.18,1.26,1.13,0.07,1,813000,30,962500
2016-12-06,1.18,1.13,1.19,1.13,-0.05,-1,862000,31,1012310
2016-12-07,1.16,1.14,1.19,1.14,0.01,1,608000,17,709840
2016-12-08,1.16,1.14,1.16,1.14,0.0,0,413000,10,473930
2016-12-09,1.15,1.16,1.2,1.15,0.02,1,412000,12,485260
2016-12-12,1.15,1.07,1.15,1.07,-0.09,-1,356000,13,399130
2016-12-13,1.06,1.09,1.09,1.06,0.02,1,254000,9,271650
2016-12-14,1.1,1.13,1.13,1.09,0.04,1,200000,6,223090
2016-12-15,1.1,1.23,1.25,1.1,0.1,1,596000,22,715540
2016-12-16,1.24,1.26,1.33,1.24,0.03,1,948000,30,1200040
2016-12-19,1.29,1.22,1.29,1.21,-0.04,-1,252000,11,315840
2016-12-20,1.22,1.25,1.26,1.2,0.03,1,856000,26,1054920
2016-12-21,1.28,1.22,1.28,1.22,-0.03,-1,545000,19,682310
2016-12-22,1.22,1.16,1.22,1.16,-0.06,-1,450000,12,532800
2016-12-23,1.18,1.17,1.21,1.16,0.01,1,1017000,28,1202510
2016-12-26,1.2,1.21,1.24,1.2,0.04,1,1212000,24,1471250
2016-12-27,1.21,1.22,1.23,1.19,0.01,1,1221000,29,1476610
2016-12-28,1.25,1.38,1.48,1.25,0.16,1,2271000,79,3029310
2016-12-29,1.35,1.36,1.44,1.35,-0.02,-1,1500000,42,2084850
2016-12-30,1.38,1.31,1.38,1.31,-0.05,-1,127000,6,173030
2017-01-03,1.3,1.32,1.34,1.3,0.01,1,144000,9,191150
2017-01-04,1.32,1.31,1.32,1.31,-0.01,-1,125000,3,164950
2017-01-05,1.35,1.33,1.42,1.33,0.02,1,270000,17,374730
2017-01-06,1.35,1.31,1.35,1.31,-0.02,-1,332000,12,442180
2017-01-09,1.31,1.1,1.31,1.1,-0.21,-1,496000,9,582200
2017-01-10,1.08,1.09,1.09,1.08,-0.01,-1,203000,8,220620
2017-01-11,1.09,1.02,1.09,1.02,-0.07,-1,133000,7,137800
2017-01-12,0.99,1.01,1.01,0.99,-0.01,-1,155000,5,155570
2017-01-13,1.02,1.03,1.03,1.02,0.02,1,118000,5,120490
2017-01-16,1.04,1.03,1.05,1.03,0.0,0,84000,5,87350
2017-01-17,1.03,1.03,1.03,1.03,0.0,0,48000,1,49440
2017-01-18,1.02,1.04,1.04,1.02,0.01,1,8000,2,8180
2017-01-19,1.07,1.13,1.14,1.07,0.09,1,823000,20,913870
2017-01-20,1.13,1.11,1.15,1.11,-0.02,-1,752000,9,849480
2017-01-23,1.13,1.07,1.13,1.07,-0.04,-1,110000,5,118700
2017-02-02,1.0,1.01,1.02,1.0,-0.05,-1,24000,3,24240
2017-02-03,1.13,1.42,1.42,1.13,0.41,1,919000,23,1151520
2017-02-06,1.31,1.27,1.39,1.27,-0.15,-1,1035000,24,1373650
2017-02-07,1.28,1.45,1.45,1.24,0.18,1,1105000,36,1457060
2017-02-08,1.4,1.42,1.42,1.34,-0.03,-1,590000,33,816530
2017-02-09,1.42,1.49,1.52,1.42,0.07,1,249000,12,367090
2017-02-10,1.46,1.31,1.46,1.31,-0.18,-1,178000,6,255690
2017-02-13,1.31,1.29,1.33,1.28,-0.02,-1,112000,9,146960
2017-02-14,1.31,1.25,1.31,1.25,-0.04,-1,99000,10,128700
2017-02-15,1.29,1.34,1.34,1.29,0.09,1,78000,4,101700
2017-02-16,1.31,1.24,1.31,1.24,-0.1,-1,80000,5,100680
2017-02-17,1.3,1.3,1.3,1.3,0.06,1,1000,1,1300
2017-02-18,1.33,1.36,1.36,1.33,0.06,1,106000,5,142500
2017-02-20,1.5,1.54,1.58,1.46,0.18,1,28000,13,42290
2017-02-21,1.42,1.43,1.46,1.42,-0.11,-1,61000,5,87230
2017-02-22,1.47,1.52,1.52,1.47,0.09,1,41000,7,60860
2017-02-23,1.53,1.57,1.57,1.53,0.05,1,35000,6,53820
2017-03-01,1.38,1.38,1.38,1.38,-0.05,-1,30000,1,41400
2017-03-02,1.33,1.26,1.33,1.26,-0.12,-1,93000,6,121530
2017-03-03,1.27,1.29,1.29,1.27,0.03,1,21000,2,26690
2017-03-06,1.25,1.26,1.3,1.25,-0.03,-1,80000,3,101800
2017-03-07,1.27,1.27,1.27,1.27,0.01,1,2000,1,2540
2017-03-08,1.16,1.17,1.17,1.16,-0.1,-1,3000,2,3500
2017-03-13,1.12,1.16,1.16,1.12,0.08,1,94000,4,107840
2017-03-14,1.19,1.33,1.36,1.17,0.17,1,197000,17,255500
2017-03-15,1.28,1.26,1.28,1.26,-0.07,-1,53000,2,67440
2017-03-16,1.29,1.27,1.29,1.27,0.01,1,22000,2,28340
2017-03-17,1.34,1.34,1.34,1.34,0.07,1,2000,1,2680
2017-03-20,1.36,1.32,1.4,1.32,-0.02,-1,35000,4,46870
2017-03-21,1.19,1.19,1.19,1.19,-0.13,-1,7000,1,8330
2017-03-22,1.21,1.21,1.21,1.21,0.02,1,1000,1,1210
2017-03-23,1.22,1.25,1.25,1.22,0.04,1,2000,2,2470
2017-03-24,1.3,1.3,1.3,1.3,0.05,1,4000,1,5200
2017-03-28,1.09,1.07,1.09,1.07,-0.13,-1,53000,3,56760
2017-03-30,1.12,1.12,1.12,1.12,0.05,1,1000,1,1120
2017-04-06,1.14,1.14,1.14,1.14,0.03,1,1000,1,1140
2017-04-07,1.14,1.13,1.14,1.13,-0.01,-1,85000,5,96600
2017-04-11,1.18,1.18,1.18,1.18,0.08,1,2000,1,2360
2017-04-13,1.33,1.33,1.33,1.33,0.15,1,1000,1,1330
2017-04-14,1.29,1.33,1.33,1.27,0.0,0,151000,7,193000
2017-04-17,1.31,1.03,1.31,1.0,-0.3,-1,168000,10,179930
2017-04-20,0.53,0.62,0.62,0.53,-0.34,-1,12000,3,7260
2017-04-21,0.52,0.44,0.53,0.42,-0.18,-1,793000,26,372540
2017-04-25,0.4,0.41,0.41,0.4,-0.03,-1,90000,3,36200
2017-04-26,0.41,0.43,0.43,0.38,0.02,1,88000,4,33990
2017-04-27,0.49,0.49,0.49,0.49,0.06,1,5000,1,2450
2017-04-28,0.36,0.36,0.36,0.36,-0.13,-1,20000,1,7200
2017-05-02,0.37,0.46,0.46,0.37,0.1,1,7000,2,3040
2017-05-03,0.26,0.44,0.44,0.22,-0.02,-1,274000,6,70200
2017-05-05,0.2,0.2,0.2,0.2,-0.21,-1,100000,1,20000
2017-05-08,0.16,0.14,0.16,0.14,-0.06,-1,338000,3,47630
2017-05-09,0.15,0.1,0.15,0.1,-0.04,-1,155000,9,16650
