date,OP,CP,HP,LP,DF,RD,TV,TC,TO
2016-11-10,1.03,1.02,1.03,1.02,0.1,1,20000,2,20500
2016-11-11,1.05,1.22,1.26,1.05,0.2,1,823000,37,924560
2016-11-14,1.27,1.27,1.32,1.18,0.05,1,899000,20,1153540
2016-11-15,1.33,1.48,1.5,1.33,0.21,1,1446000,43,2005850
2016-11-16,1.48,1.55,1.55,1.38,0.07,1,1504000,37,2262200
2016-11-17,1.53,1.5,1.55,1.46,-0.05,-1,550000,19,834800
2016-11-18,1.48,1.39,1.48,1.3,-0.11,-1,153000,15,219950
2016-11-21,1.43,1.46,1.46,1.39,0.07,1,550000,28,782170
2016-11-22,1.53,1.52,1.62,1.52,0.06,1,1203000,27,1899020
2016-11-23,1.52,1.6,1.6,1.51,0.08,1,957000,23,1467010
2016-11-24,1.59,1.47,1.63,1.47,-0.13,-1,346000,15,559170
2016-11-25,1.62,1.94,2.0,1.62,0.47,1,165000,19,289960
2016-11-28,2.06,2.22,2.33,2.06,0.28,1,403000,29,861480
2016-11-29,2.13,2.11,2.23,2.06,-0.11,-1,196000,10,414520
2016-11-30,2.23,2.04,2.27,2.04,-0.07,-1,130000,12,292250
2016-12-01,1.94,1.87,1.94,1.77,-0.17,-1,42000,8,76360
2016-12-02,1.76,1.77,1.79,1.76,-0.1,-1,27000,3,48140
2016-12-05,1.84,1.84,1.84,1.84,0.07,1,1000,1,1840
2016-12-06,1.75,1.68,1.75,1.62,-0.16,-1,17000,5,29200
2016-12-07,1.69,1.74,1.84,1.69,0.06,1,22000,7,38810
2016-12-08,1.84,2.03,2.12,1.84,0.29,1,67000,16,136550
2016-12-09,1.99,1.9,1.99,1.9,-0.13,-1,10000,6,19440
2016-12-12,1.81,1.73,1.81,1.73,-0.17,-1,16000,5,28370
2016-12-13,1.79,1.79,1.79,1.79,0.06,1,5000,1,8950
2016-12-14,1.82,1.99,1.99,1.82,0.2,1,68000,18,129150
2016-12-15,1.88,1.92,2.02,1.84,-0.07,-1,40000,10,76580
2016-12-16,2.19,2.18,2.25,2.12,0.26,1,121000,17,264740
2016-12-19,2.17,2.01,2.21,2.01,-0.17,-1,82000,6,177680
2016-12-20,2.23,2.27,2.36,2.21,0.26,1,108000,19,242650
2016-12-21,2.19,2.11,2.19,2.11,-0.16,-1,11000,3,23930
2016-12-22,2.18,2.18,2.18,2.18,0.07,1,66000,1,143880
2016-12-26,2.09,2.09,2.09,2.09,-0.07,-1,4000,1,8360
2016-12-27,2.15,2.15,2.15,2.15,0.06,1,1000,1,2150
2016-12-28,2.19,2.19,2.19,2.19,0.04,1,2000,1,4380
2016-12-29,2.05,2.04,2.05,2.02,-0.15,-1,181000,3,367740
2016-12-30,2.04,2.0,2.04,2.0,-0.04,-1,8000,4,16180
2017-01-03,1.81,1.83,1.84,1.81,-0.17,-1,21000,4,38280
2017-01-04,1.84,1.85,1.85,1.84,0.02,1,3000,2,5540
2017-01-05,1.92,2.13,2.13,1.92,0.28,1,14000,11,28310
2017-01-06,2.01,2.01,2.01,2.01,-0.12,-1,3000,2,6030
2017-01-09,1.94,1.87,1.94,1.81,-0.14,-1,15000,5,27960
2017-01-10,1.76,1.76,1.76,1.76,-0.11,-1,1000,1,1760
2017-01-11,1.79,1.79,1.79,1.79,0.03,1,2000,1,3580
2017-01-12,1.65,1.62,1.65,1.62,-0.17,-1,15000,2,24600
2017-01-13,1.53,1.57,1.57,1.48,-0.05,-1,18000,5,27150
2017-01-16,1.6,1.6,1.6,1.6,0.03,1,1000,1,1600
2017-01-17,1.56,1.6,1.6,1.56,0.0,0,6000,3,9490
2017-01-18,1.67,1.76,1.77,1.67,0.16,1,10000,8,17350
2017-01-19,1.82,1.81,1.82,1.81,0.05,1,3000,2,5440
2017-01-20,1.82,1.98,1.98,1.82,0.17,1,18000,10,34530
2017-01-24,1.99,1.98,1.99,1.98,0.0,0,13000,2,25750
2017-02-02,2.1,2.57,2.57,2.04,0.59,1,8000,6,17670
2017-02-03,2.95,3.16,3.17,2.95,0.59,1,6000,4,18680
2017-02-06,2.67,2.67,2.67,2.67,-0.49,-1,3000,1,8010
2017-02-07,2.99,3.18,3.18,2.99,0.51,1,6000,3,18310
2017-02-08,3.23,3.05,3.23,3.05,-0.13,-1,10000,3,31330
2017-02-09,3.38,3.13,3.38,3.13,0.08,1,9000,2,29420
2017-02-10,2.86,2.86,2.86,2.86,-0.27,-1,5000,1,14300
2017-02-17,3.12,3.12,3.12,3.12,0.42,1,5000,1,15600
2017-02-18,2.96,2.96,2.96,2.96,-0.16,-1,5000,1,14800
2017-02-24,3.25,3.25,3.25,3.25,0.25,1,5000,1,16250
2017-03-01,2.95,2.95,2.95,2.95,-0.3,-1,5000,1,14750
2017-03-30,2.44,2.44,2.44,2.44,0.3,1,8000,1,19520
2017-04-06,2.04,1.93,2.04,1.93,-0.33,-1,15000,3,29500
2017-04-07,1.68,1.68,1.68,1.68,-0.25,-1,10000,1,16800
2017-04-10,1.56,1.56,1.56,1.56,-0.12,-1,10000,1,15600
2017-04-17,0.75,0.91,0.91,0.75,-0.24,-1,12000,3,9290
2017-04-20,1.01,1.01,1.01,1.01,0.08,1,1000,1,1010
2017-04-21,0.87,0.91,0.94,0.87,-0.1,-1,135000,7,121550
2017-04-25,1.04,1.12,1.12,1.04,0.26,1,3000,3,3270
2017-04-26,1.23,1.64,1.64,1.23,0.52,1,12000,12,16970
2017-04-27,1.56,1.48,1.56,1.48,-0.16,-1,136000,2,201360
2017-04-28,1.5,1.5,1.5,1.5,0.02,1,1000,1,1500
