date,OP,CP,HP,LP,DF,RD,TV,TC,TO
2016-11-08,1.77,1.76,1.82,1.76,0.13,1,207000,7,370250
2016-11-09,1.75,1.37,1.75,1.37,-0.39,-1,210000,8,350430
2016-11-10,1.64,1.66,1.66,1.64,0.29,1,4000,2,6600
2016-11-11,1.54,1.54,1.54,1.54,-0.12,-1,1000,1,1540
2016-11-14,1.46,1.46,1.46,1.46,-0.08,-1,2000,1,2920
2016-11-16,1.54,1.48,1.54,1.48,-0.02,-1,156000,5,239480
2016-11-17,1.48,1.45,1.48,1.45,-0.03,-1,498000,12,724070
2016-11-18,1.6,1.63,1.69,1.6,0.18,1,477000,11,781500
2016-11-21,1.66,1.67,1.69,1.65,0.04,1,422000,25,704510
2016-11-22,1.76,1.72,1.78,1.68,0.05,1,360000,17,630650
2016-11-23,1.79,1.84,1.85,1.79,0.12,1,73000,6,132610
2016-11-24,1.78,2.01,2.09,1.78,0.17,1,223000,19,426570
2016-11-25,2.16,1.96,2.19,1.94,-0.05,-1,187000,12,393780
2016-11-28,2.09,2.32,2.37,2.09,0.36,1,90000,12,200020
2016-11-29,2.12,2.16,2.16,2.12,-0.16,-1,26000,4,55670
2016-12-01,2.3,2.36,2.36,2.3,0.2,1,80000,5,185700
2016-12-05,2.02,2.02,2.02,2.02,-0.04,-1,40000,1,80800
2016-12-09,1.89,1.92,1.92,1.89,0.03,1,30000,3,57300
2016-12-12,1.95,1.9,1.95,1.9,-0.02,-1,30000,2,58000
2016-12-14,1.73,1.73,1.73,1.73,-0.01,-1,28000,1,48440
2016-12-15,1.76,1.76,1.76,1.76,0.03,1,28000,1,49280
2016-12-16,1.76,1.87,1.87,1.76,0.11,1,94000,5,171160
2016-12-19,1.95,1.94,1.97,1.93,0.07,1,98000,6,190160
2016-12-20,1.97,1.95,1.97,1.95,0.01,1,6000,2,11800
2016-12-22,1.83,1.83,1.89,1.83,0.0,0,34000,4,63960
2016-12-23,1.89,1.89,1.89,1.89,0.06,1,28000,1,52920
2016-12-28,1.71,1.71,1.71,1.71,0.01,1,68000,1,116280
2016-12-29,1.68,1.72,1.72,1.68,0.01,1,129000,2,219160
2016-12-30,1.73,1.73,1.73,1.73,0.01,1,61000,1,105530
2017-01-05,1.71,1.75,1.75,1.71,0.09,1,73000,3,127550
2017-01-06,1.77,1.77,1.77,1.77,0.02,1,68000,2,120360
2017-01-09,1.64,1.64,1.64,1.64,-0.13,-1,5000,1,8200
2017-01-10,1.64,1.69,1.69,1.64,0.05,1,125000,3,207000
2017-01-11,1.68,1.64,1.68,1.64,-0.05,-1,125000,3,207400
2017-01-16,1.46,1.46,1.46,1.46,0.0,0,108000,1,157680
2017-01-17,1.71,1.71,1.71,1.68,0.25,1,176000,5,299580
2017-01-18,1.63,1.63,1.63,1.63,-0.08,-1,68000,3,110840
2017-01-19,1.62,1.62,1.62,1.62,-0.01,-1,58000,1,93960
2017-01-20,1.59,1.59,1.59,1.59,-0.03,-1,58000,1,92220
2017-01-23,1.55,1.55,1.55,1.55,-0.04,-1,19000,1,29450
2017-01-24,1.59,1.6,1.6,1.59,0.05,1,49000,3,78210
2017-02-02,1.58,1.64,1.64,1.58,0.04,1,337000,11,539930
2017-02-03,1.61,1.61,1.64,1.61,-0.03,-1,337000,7,545510
2017-02-07,1.82,1.82,1.82,1.82,0.21,1,51000,1,92820
2017-02-08,1.69,1.72,1.72,1.69,-0.1,-1,60000,2,101670
2017-02-09,1.63,1.63,1.63,1.63,-0.09,-1,5000,1,8150
2017-02-10,1.76,1.65,1.76,1.65,0.02,1,14000,2,24200
2017-02-13,1.64,1.64,1.64,1.64,-0.01,-1,10000,1,16400
2017-02-14,1.58,1.58,1.58,1.58,-0.06,-1,30000,1,47400
2017-02-16,1.62,1.65,1.65,1.62,0.07,1,20000,2,32700
2017-02-17,1.63,1.69,1.69,1.63,0.04,1,20000,2,33200
2017-02-21,1.44,1.44,1.44,1.44,0.01,1,4000,1,5760
2017-02-22,1.51,1.55,1.61,1.51,0.11,1,218000,14,339800
2017-02-23,1.59,1.57,1.65,1.57,0.02,1,214000,12,343150
2017-03-02,1.88,1.77,1.88,1.77,0.2,1,20000,2,36500
2017-03-06,2.03,2.31,2.31,2.03,0.58,1,240000,24,517400
2017-03-07,2.14,2.11,2.2,2.11,-0.2,-1,240000,4,522900
2017-03-09,2.69,2.69,2.69,2.69,0.36,1,1000,1,2690
2017-03-10,2.7,2.7,2.7,2.7,0.01,1,10000,1,27000
2017-03-16,2.87,3.04,3.04,2.87,0.4,1,50000,5,147400
2017-03-17,2.99,3.35,3.35,2.99,0.31,1,80000,4,246800
2017-03-20,3.96,4.12,4.31,3.88,0.77,1,111000,8,450720
2017-03-21,4.23,4.49,4.49,4.23,0.37,1,80000,3,343300
2017-03-22,4.45,4.45,4.45,4.45,-0.04,-1,20000,1,89000
2017-03-23,4.8,4.97,4.97,4.8,0.52,1,30000,3,147400
2017-03-24,4.91,4.91,4.91,4.91,-0.06,-1,30000,1,147300
2017-04-12,4.8,4.85,4.85,4.8,0.21,1,41000,5,197630
2017-04-13,4.56,4.65,4.65,4.56,-0.2,-1,30000,2,137700
2017-04-18,4.34,4.34,4.34,4.34,0.42,1,10000,1,43400
2017-04-19,4.23,4.56,4.56,4.23,0.22,1,20000,2,87900
2017-04-20,4.09,4.09,4.09,4.09,-0.47,-1,10000,1,40900
2017-04-21,4.12,4.12,4.12,4.12,0.03,1,11000,1,45320
2017-04-26,4.09,4.09,4.09,4.09,0.36,1,10000,1,40900
2017-04-27,4.15,4.15,4.15,4.15,0.06,1,10000,1,41500
