date,OP,CP,HP,LP,DF,RD,TV,TC,TO
2016-11-16,0.84,0.84,0.84,0.84,-0.04,-1,20000,1,16800
2016-11-17,0.8,0.8,0.8,0.8,-0.04,-1,20000,1,16000
2016-11-18,0.85,0.85,0.85,0.85,0.05,1,94000,1,79900
2016-11-21,0.84,0.83,0.84,0.83,-0.02,-1,104000,5,87110
2016-11-22,0.88,0.88,0.88,0.88,0.05,1,5000,1,4400
2016-11-24,0.9,0.9,0.9,0.9,0.02,1,5000,1,4500
2016-11-30,0.9,0.91,0.91,0.9,0.06,1,120000,3,108200
2016-12-01,0.9,1.01,1.01,0.9,0.1,1,126000,7,118470
2016-12-02,0.97,0.95,0.97,0.95,-0.06,-1,25000,3,24050
2016-12-05,0.94,0.98,0.98,0.94,0.03,1,93000,2,90700
2016-12-06,1.03,1.07,1.07,1.01,0.09,1,224000,8,235580
2016-12-07,0.99,0.96,1.0,0.96,-0.11,-1,252000,10,248210
2016-12-08,0.97,0.96,0.98,0.96,0.0,0,400000,4,389000
2016-12-09,0.91,0.93,0.93,0.91,-0.03,-1,205000,3,188650
2016-12-12,1.03,1.03,1.05,1.03,0.1,1,455000,4,470650
2016-12-13,0.99,0.96,0.99,0.95,-0.07,-1,245000,6,234500
2016-12-14,0.95,1.04,1.04,0.95,0.08,1,263000,4,253400
2016-12-15,1.0,1.1,1.11,0.98,0.06,1,646000,21,685520
2016-12-16,1.04,1.1,1.1,1.02,0.0,0,552000,18,573820
2016-12-19,1.09,1.06,1.11,1.06,-0.04,-1,411000,10,447850
2016-12-20,1.06,1.16,1.16,1.05,0.1,1,276000,10,307770
2016-12-21,1.19,1.11,1.19,1.1,-0.05,-1,474000,23,526590
2016-12-22,1.1,1.05,1.1,1.05,-0.06,-1,118000,10,125680
2016-12-23,1.06,1.05,1.07,1.05,0.0,0,134000,4,140760
2016-12-26,1.04,1.08,1.08,1.01,0.03,1,446000,11,460640
2016-12-27,1.05,1.0,1.06,0.98,-0.08,-1,356000,16,363670
2016-12-28,0.99,0.97,0.99,0.97,-0.03,-1,26000,5,25470
2016-12-29,0.95,1.0,1.02,0.95,0.03,1,292000,7,293920
2016-12-30,0.99,1.06,1.06,0.98,0.06,1,214000,12,218850
2017-01-03,1.04,1.02,1.04,1.02,-0.04,-1,52000,3,53740
2017-01-04,0.99,0.98,0.99,0.97,-0.04,-1,75000,6,73100
2017-01-05,0.97,0.97,0.97,0.97,-0.01,-1,32000,3,31040
2017-01-06,0.98,0.98,0.98,0.98,0.01,1,1000,1,980
2017-01-09,0.96,0.88,0.96,0.88,-0.1,-1,119000,7,105350
2017-01-10,0.87,0.91,0.91,0.85,0.03,1,8000,3,6900
2017-01-11,0.88,0.82,0.89,0.82,-0.09,-1,21000,4,18030
2017-01-12,0.82,0.83,0.83,0.82,0.01,1,58000,2,47660
2017-01-16,0.74,0.73,0.74,0.73,-0.06,-1,45000,2,32950
2017-01-18,0.75,0.75,0.75,0.75,0.01,1,41000,1,30750
2017-01-19,0.79,0.8,0.81,0.79,0.05,1,194000,3,154360
2017-01-20,0.76,0.76,0.76,0.76,-0.04,-1,94000,2,71440
2017-01-24,0.77,0.77,0.77,0.77,0.0,0,100000,1,77000
2017-02-03,0.78,0.78,0.78,0.78,0.03,1,3000,1,2340
2017-02-06,0.81,0.83,0.86,0.8,0.05,1,182000,6,149440
2017-02-07,0.8,0.81,0.81,0.8,-0.02,-1,30000,2,24200
2017-02-08,0.79,0.79,0.79,0.79,-0.02,-1,20000,2,15800
2017-02-09,0.75,0.72,0.75,0.72,-0.07,-1,85000,3,62700
2017-02-10,0.72,0.72,0.74,0.72,0.0,0,460000,6,333400
2017-02-13,0.72,0.7,0.72,0.7,-0.02,-1,120000,3,86000
2017-02-14,0.73,0.74,0.74,0.73,0.04,1,33000,2,24290
2017-02-15,0.71,0.71,0.71,0.71,-0.03,-1,23000,2,16330
2017-02-16,0.71,0.69,0.71,0.69,-0.02,-1,104000,6,72710
2017-02-17,0.7,0.74,0.76,0.7,0.05,1,407000,14,294980
2017-02-18,0.73,0.8,0.8,0.73,0.06,1,427000,18,326250
2017-02-20,0.81,0.78,0.81,0.76,-0.02,-1,205000,9,159370
2017-02-21,0.79,0.73,0.79,0.71,-0.05,-1,495000,18,365090
2017-02-22,0.71,0.73,0.76,0.71,0.0,0,186000,11,139380
2017-02-23,0.72,0.7,0.73,0.7,-0.03,-1,448000,12,319140
2017-02-24,0.68,0.68,0.68,0.68,-0.02,-1,170000,3,115600
2017-03-01,0.7,0.73,0.73,0.69,0.05,1,158000,7,109630
2017-03-02,0.74,0.74,0.76,0.71,0.01,1,686000,18,504810
2017-03-03,0.71,0.76,0.77,0.71,0.02,1,332000,11,249590
2017-03-06,0.76,0.74,0.76,0.74,-0.02,-1,243000,7,181420
2017-03-07,0.74,0.69,0.74,0.68,-0.05,-1,432000,11,305460
2017-03-08,0.68,0.69,0.71,0.68,0.0,0,18000,5,12310
2017-03-09,0.64,0.66,0.66,0.64,-0.03,-1,225000,3,144500
2017-03-10,0.6,0.61,0.61,0.59,-0.05,-1,70000,4,42000
2017-03-13,0.58,0.58,0.58,0.58,-0.03,-1,10000,1,5800
2017-03-14,0.59,0.59,0.59,0.59,0.01,1,40000,1,23600
2017-03-15,0.61,0.61,0.61,0.61,0.02,1,1000,1,610
2017-03-16,0.59,0.59,0.59,0.59,-0.02,-1,152000,2,89680
2017-03-17,0.61,0.61,0.61,0.61,0.02,1,1000,1,610
2017-03-20,0.61,0.62,0.62,0.61,0.01,1,25000,3,15300
2017-03-21,0.64,0.69,0.74,0.64,0.07,1,1400000,36,959030
2017-03-22,0.62,0.63,0.64,0.6,-0.06,-1,1213000,25,751500
2017-03-23,0.65,0.72,0.76,0.63,0.09,1,1537000,49,1087020
2017-03-24,0.7,0.71,0.73,0.7,-0.01,-1,1156000,24,821340
2017-03-27,0.66,0.6,0.71,0.6,-0.11,-1,677000,21,436340
2017-03-28,0.54,0.51,0.54,0.51,-0.09,-1,179000,3,95560
2017-03-30,0.6,0.59,0.6,0.59,0.03,1,35000,2,20800
2017-03-31,0.58,0.58,0.58,0.58,-0.01,-1,20000,1,11600
2017-04-05,0.59,0.59,0.59,0.59,0.01,1,50000,1,29500
2017-04-06,0.58,0.58,0.58,0.58,-0.01,-1,1000,1,580
2017-04-07,0.58,0.57,0.58,0.55,-0.01,-1,55000,5,31400
2017-04-10,0.54,0.51,0.54,0.51,-0.06,-1,55000,4,28700
2017-04-11,0.53,0.49,0.53,0.49,-0.02,-1,44000,3,21730
2017-04-13,0.46,0.46,0.46,0.46,-0.02,-1,25000,1,11500
2017-04-14,0.43,0.37,0.43,0.37,-0.09,-1,61000,4,24160
2017-04-17,0.37,0.35,0.37,0.35,-0.02,-1,30000,2,10900
2017-04-21,0.32,0.32,0.32,0.32,0.01,1,25000,2,8000
2017-04-28,0.29,0.27,0.29,0.27,-0.01,-1,30000,2,8500
