date,OP,CP,HP,LP,DF,RD,TV,TC,TO
2016-11-16,1.04,1.0,1.04,1.0,0.01,1,147000,3,152060
2016-11-17,0.97,1.02,1.02,0.95,0.02,1,280000,8,274330
2016-11-18,1.04,1.12,1.12,1.04,0.1,1,1477000,44,1593960
2016-11-21,1.07,1.11,1.14,1.05,-0.01,-1,1538000,35,1685040
2016-11-22,1.16,1.07,1.22,1.07,-0.04,-1,532000,18,633110
2016-11-23,1.07,1.05,1.07,1.05,-0.02,-1,209000,2,219470
2016-11-24,1.04,1.05,1.05,1.03,0.0,0,5000,3,5220
2016-11-25,1.04,1.04,1.06,1.04,-0.01,-1,78000,6,82320
2016-11-28,1.04,1.12,1.15,1.03,0.08,1,3736000,52,4140380
2016-11-29,1.11,1.07,1.13,1.05,-0.05,-1,3076000,43,3400650
2016-11-30,1.09,1.06,1.09,1.04,-0.01,-1,843000,10,896750
2016-12-01,1.0,0.92,1.0,0.9,-0.14,-1,63000,13,58560
2016-12-02,0.85,0.79,0.85,0.77,-0.13,-1,72000,8,57620
2016-12-05,0.83,0.81,0.84,0.81,0.02,1,373000,10,310850
2016-12-06,0.84,0.86,0.86,0.83,0.05,1,361000,6,302810
2016-12-07,0.94,0.94,0.94,0.93,0.08,1,219000,5,205800
2016-12-08,0.94,0.91,0.94,0.91,-0.03,-1,214000,2,201100
2016-12-09,0.88,0.84,0.88,0.84,-0.07,-1,6000,2,5240
2016-12-12,0.8,0.76,0.82,0.76,-0.08,-1,16000,5,12700
2016-12-13,0.77,0.78,0.78,0.73,0.02,1,12000,5,9060
2016-12-14,0.72,0.77,0.77,0.71,-0.01,-1,483000,12,367820
2016-12-15,0.77,0.78,0.78,0.77,0.01,1,346000,3,267800
2016-12-16,0.78,0.77,0.81,0.77,-0.01,-1,190000,7,151590
2016-12-19,0.74,0.76,0.76,0.74,-0.01,-1,123000,5,93430
2016-12-20,0.76,0.76,0.76,0.76,0.0,0,35000,2,26600
2016-12-22,0.75,0.75,0.75,0.75,-0.01,-1,11000,1,8250
2016-12-23,0.76,0.72,0.76,0.72,-0.03,-1,61000,4,44950
2016-12-26,0.69,0.7,0.7,0.69,-0.02,-1,59000,2,40800
2016-12-27,0.75,0.75,0.76,0.75,0.05,1,459000,7,347840
2016-12-28,0.76,0.78,0.78,0.76,0.03,1,593000,9,455070
2016-12-29,0.77,0.77,0.77,0.77,-0.01,-1,205000,2,157850
2016-12-30,0.81,0.78,0.81,0.78,0.01,1,132000,2,105960
2017-01-03,0.76,0.76,0.76,0.76,-0.02,-1,18000,1,13680
2017-01-04,0.75,0.74,0.75,0.74,-0.02,-1,231000,4,173070
2017-01-05,0.73,0.76,0.77,0.73,0.02,1,457000,10,339120
2017-01-06,0.82,0.83,0.85,0.81,0.07,1,889000,21,742950
2017-01-09,0.82,0.72,0.82,0.71,-0.11,-1,675000,10,541300
2017-01-10,0.71,0.69,0.71,0.68,-0.03,-1,71000,7,49360
2017-01-11,0.71,0.68,0.74,0.67,-0.01,-1,600000,14,426390
2017-01-12,0.68,0.69,0.69,0.68,0.01,1,542000,8,373360
2017-01-13,0.66,0.67,0.67,0.66,-0.02,-1,102000,2,68310
2017-01-19,0.67,0.68,0.68,0.67,0.03,1,239000,8,162210
2017-01-20,0.65,0.67,0.69,0.65,-0.01,-1,632000,8,424060
2017-01-23,0.67,0.7,0.7,0.67,0.03,1,646000,10,437330
2017-01-24,0.7,0.76,0.76,0.7,0.06,1,227000,3,159800
2017-02-02,0.78,0.77,0.79,0.76,0.01,1,288000,8,225170
2017-02-03,0.77,0.78,0.78,0.75,0.01,1,335000,6,257720
2017-02-06,0.77,0.82,0.83,0.77,0.04,1,689000,13,548960
2017-02-07,0.83,0.79,0.83,0.79,-0.03,-1,608000,14,492360
2017-02-08,0.77,0.75,0.77,0.75,-0.04,-1,52000,4,39120
2017-02-09,0.82,0.76,0.83,0.75,0.01,1,327000,5,263370
2017-02-10,0.8,0.79,0.82,0.79,0.03,1,615000,11,494810
2017-02-13,0.75,0.82,0.82,0.75,0.03,1,1023000,17,802980
2017-02-14,0.91,0.78,0.91,0.78,-0.04,-1,784000,12,698570
2017-02-15,0.79,0.78,0.79,0.78,0.0,0,173000,8,135450
2017-02-16,0.78,0.72,0.78,0.72,-0.06,-1,129000,8,96370
2017-02-17,0.74,0.74,0.74,0.74,0.02,1,296000,4,219040
2017-02-18,0.74,0.73,0.74,0.73,-0.01,-1,296000,3,216480
2017-02-20,0.74,0.74,0.78,0.74,0.01,1,511000,12,385860
2017-02-21,0.73,0.73,0.73,0.71,-0.01,-1,411000,13,299190
2017-02-22,0.73,0.72,0.73,0.72,-0.01,-1,12000,2,8710
2017-02-23,0.71,0.74,0.76,0.71,0.02,1,311000,16,229280
2017-02-24,0.73,0.7,0.74,0.7,-0.04,-1,296000,10,213870
2017-03-01,0.62,0.63,0.63,0.62,-0.07,-1,39000,2,24280
2017-03-02,0.61,0.61,0.61,0.61,-0.02,-1,10000,1,6100
2017-03-06,0.61,0.64,0.64,0.61,0.03,1,189000,9,119350
2017-03-07,0.64,0.68,0.68,0.61,0.04,1,657000,22,428950
2017-03-08,0.65,0.65,0.68,0.65,-0.03,-1,684000,13,451100
2017-03-09,0.62,0.61,0.62,0.61,-0.04,-1,346000,5,213280
2017-03-13,0.57,0.57,0.59,0.57,0.01,1,389000,6,223030
2017-03-14,0.57,0.62,0.64,0.56,0.05,1,616000,20,366330
2017-03-15,0.61,0.65,0.68,0.61,0.03,1,816000,30,527420
2017-03-16,0.65,0.65,0.68,0.65,0.0,0,928000,18,611070
2017-03-17,0.63,0.62,0.63,0.62,-0.03,-1,438000,8,272640
2017-03-20,0.62,0.63,0.63,0.62,0.01,1,112000,2,69480
2017-03-21,0.6,0.68,0.7,0.6,0.05,1,1542000,40,1004500
2017-03-22,0.67,0.71,0.74,0.63,0.03,1,2008000,75,1358740
2017-03-23,0.76,0.86,0.86,0.74,0.15,1,1204000,33,945100
2017-03-24,0.8,0.81,0.81,0.74,-0.05,-1,383000,20,300700
2017-03-27,0.73,0.71,0.73,0.71,-0.1,-1,39000,2,28270
2017-03-28,0.69,0.66,0.71,0.65,-0.05,-1,276000,6,186440
2017-03-29,0.71,0.79,0.87,0.7,0.13,1,1011000,49,782600
2017-03-30,0.77,0.77,0.8,0.76,-0.02,-1,381000,20,297510
2017-03-31,0.77,0.8,0.83,0.77,0.03,1,98000,7,76220
2017-04-05,0.77,0.65,0.77,0.64,-0.15,-1,35000,7,24310
2017-04-06,0.66,0.63,0.68,0.62,-0.02,-1,111000,8,70620
2017-04-07,0.64,0.62,0.65,0.62,-0.01,-1,58000,5,36720
2017-04-10,0.61,0.61,0.61,0.59,-0.01,-1,24000,3,14440
2017-04-11,0.6,0.67,0.72,0.59,0.06,1,191000,24,128190
2017-04-12,0.6,0.59,0.6,0.57,-0.08,-1,289000,18,167780
2017-04-13,0.58,0.6,0.6,0.58,0.01,1,438000,6,259460
2017-04-14,0.57,0.56,0.57,0.56,-0.04,-1,324000,2,183600
2017-04-17,0.49,0.45,0.49,0.45,-0.11,-1,111000,2,50070
2017-04-18,0.5,0.57,0.57,0.5,0.12,1,234000,7,124250
2017-04-19,0.55,0.52,0.55,0.52,-0.05,-1,200000,4,107820
2017-04-20,0.53,0.54,0.55,0.53,0.02,1,68000,3,36720
2017-04-21,0.55,0.56,0.56,0.55,0.02,1,163000,3,90600
2017-04-24,0.54,0.56,0.59,0.53,0.0,0,456000,14,251690
2017-04-25,0.55,0.58,0.59,0.53,0.02,1,439000,24,244020
2017-04-26,0.59,0.72,0.73,0.59,0.14,1,361000,33,233890
2017-04-27,0.82,0.79,0.82,0.74,0.07,1,247000,19,194210
2017-04-28,0.72,0.68,0.72,0.64,-0.11,-1,50000,6,34880
2017-05-02,0.72,0.69,0.74,0.69,0.01,1,24000,3,17360
2017-05-03,0.66,0.65,0.66,0.65,-0.04,-1,20000,2,13100
2017-05-10,0.52,0.54,0.54,0.52,0.09,1,23000,3,12000
2017-05-11,0.5,0.5,0.5,0.5,-0.04,-1,23000,2,11500
2017-05-17,0.44,0.47,0.47,0.44,0.06,1,134000,4,60340
2017-05-18,0.39,0.39,0.39,0.39,-0.08,-1,134000,1,52260
2017-05-23,0.33,0.33,0.36,0.33,-0.03,-1,41000,5,14090
2017-05-24,0.36,0.34,0.38,0.34,0.01,1,121000,7,42820
2017-05-25,0.37,0.45,0.45,0.37,0.11,1,40000,3,15160
2017-05-26,0.56,0.56,0.56,0.56,0.11,1,10000,1,5600
