date,OP,CP,HP,LP,DF,RD,TV,TC,TO
2016-11-17,0.79,0.79,0.79,0.79,0.0,0,130000,4,102700
2016-11-18,0.76,0.81,0.81,0.74,0.02,1,230000,5,174300
2016-11-21,0.78,0.79,0.79,0.78,-0.02,-1,120000,2,93800
2016-11-22,0.78,0.8,0.8,0.78,0.01,1,130000,3,102000
2016-11-23,0.77,0.85,0.85,0.77,0.05,1,174000,7,140150
2016-11-24,0.89,0.87,0.89,0.85,0.02,1,125000,5,110770
2016-11-25,0.82,0.81,0.82,0.81,-0.06,-1,6000,2,4870
2016-11-28,0.84,0.84,0.84,0.84,0.03,1,10000,1,8400
2016-11-29,0.85,0.82,0.85,0.82,-0.02,-1,28000,3,23590
2016-11-30,0.83,0.95,0.95,0.83,0.13,1,154000,9,142200
2016-12-01,0.9,0.89,0.9,0.86,-0.06,-1,180000,5,160100
2016-12-02,0.86,0.84,0.86,0.84,-0.05,-1,16000,2,13560
2016-12-05,0.81,0.87,0.87,0.81,0.03,1,25000,3,20550
2016-12-06,0.84,0.88,0.89,0.84,0.01,1,52000,7,45220
2016-12-07,0.87,0.87,0.87,0.87,-0.01,-1,10000,1,8700
2016-12-08,0.86,0.85,0.88,0.85,-0.02,-1,31000,5,26800
2016-12-09,0.86,0.91,0.91,0.86,0.06,1,22000,4,19680
2016-12-12,0.93,0.83,0.93,0.83,-0.08,-1,82000,8,70760
2016-12-14,0.79,0.8,0.8,0.79,-0.03,-1,138000,3,109100
2016-12-16,0.79,0.79,0.79,0.79,0.01,1,30000,1,23700
2016-12-20,0.77,0.77,0.77,0.77,0.02,1,30000,1,23100
2016-12-21,0.79,0.81,0.81,0.78,0.04,1,805000,17,634650
2016-12-22,0.82,0.84,0.84,0.81,0.03,1,963000,14,798790
2016-12-23,0.75,0.77,0.77,0.75,-0.07,-1,130000,4,97560
2016-12-26,0.72,0.73,0.73,0.72,-0.04,-1,20000,2,14500
2016-12-27,0.7,0.7,0.7,0.7,-0.03,-1,10000,1,7000
2016-12-28,0.69,0.69,0.69,0.69,-0.01,-1,7000,1,4830
2016-12-29,0.68,0.68,0.68,0.68,-0.01,-1,20000,2,13600
2016-12-30,0.69,0.69,0.69,0.69,0.01,1,20000,1,13800
2017-01-03,0.68,0.68,0.68,0.68,-0.01,-1,13000,2,8840
2017-01-05,0.69,0.7,0.7,0.69,0.0,0,32000,4,22380
2017-01-09,0.65,0.65,0.65,0.65,-0.06,-1,40000,1,26000
2017-01-12,0.67,0.67,0.67,0.67,-0.01,-1,5000,1,3350
2017-01-13,0.65,0.65,0.65,0.65,-0.02,-1,10000,1,6500
2017-01-16,0.67,0.66,0.67,0.66,0.01,1,316000,3,211710
2017-01-17,0.66,0.65,0.66,0.65,-0.01,-1,359000,3,233440
2017-01-18,0.62,0.64,0.64,0.62,-0.01,-1,20000,2,12600
2017-01-19,0.66,0.69,0.69,0.66,0.05,1,325000,2,215250
2017-01-20,0.63,0.63,0.63,0.63,-0.06,-1,325000,2,204750
2017-02-02,0.59,0.59,0.59,0.59,0.01,1,70000,2,41300
2017-02-03,0.65,0.65,0.65,0.65,0.06,1,20000,2,13000
2017-02-06,0.71,0.73,0.79,0.71,0.08,1,776000,20,593960
2017-02-07,0.74,0.73,0.76,0.69,0.0,0,672000,29,484670
2017-02-08,0.71,0.73,0.73,0.71,0.0,0,18000,3,13040
2017-02-09,0.72,0.86,0.87,0.72,0.13,1,1168000,16,906230
2017-02-10,0.86,0.86,0.86,0.81,0.0,0,1351000,60,1144810
2017-02-13,0.7,0.76,0.76,0.69,-0.1,-1,34000,5,24980
2017-02-14,0.74,0.75,0.75,0.74,-0.01,-1,50000,3,37400
2017-02-15,0.78,0.89,0.89,0.78,0.14,1,83000,7,68990
2017-02-16,0.88,0.9,0.9,0.85,0.01,1,63000,3,56350
2017-02-17,0.84,0.81,0.84,0.79,-0.09,-1,129000,5,105590
2017-02-18,0.81,0.83,0.83,0.81,0.02,1,169000,7,139950
2017-02-20,0.88,0.83,0.88,0.83,0.0,0,120000,5,104320
2017-02-21,0.73,0.73,0.73,0.73,-0.1,-1,190000,2,138700
2017-02-22,0.72,0.71,0.72,0.71,-0.02,-1,20000,2,14300
2017-02-23,0.7,0.73,0.75,0.7,0.02,1,210000,4,157050
2017-02-24,0.72,0.72,0.72,0.72,-0.01,-1,10000,1,7200
2017-03-01,0.69,0.66,0.69,0.66,-0.06,-1,55000,3,36900
2017-03-02,0.68,0.62,0.68,0.62,-0.04,-1,50000,2,32800
2017-03-03,0.59,0.59,0.59,0.59,-0.03,-1,20000,2,11800
2017-03-13,0.58,0.58,0.58,0.58,0.01,1,30000,3,17400
2017-03-14,0.6,0.6,0.6,0.6,0.02,1,30000,1,18000
2017-03-17,0.64,0.68,0.68,0.64,0.08,1,30000,3,19600
2017-03-20,0.88,0.82,0.88,0.81,0.14,1,96000,5,80330
2017-03-21,0.76,0.73,0.77,0.73,-0.09,-1,127000,4,94970
2017-03-22,0.66,0.7,0.7,0.66,-0.03,-1,30000,2,20400
2017-03-23,0.79,0.79,0.79,0.79,0.09,1,15000,1,11850
2017-03-24,0.7,0.7,0.7,0.7,-0.09,-1,15000,1,10500
2017-03-27,0.69,0.66,0.69,0.66,-0.04,-1,29000,4,19590
2017-03-28,0.61,0.61,0.61,0.61,-0.05,-1,28000,2,17080
2017-03-29,0.67,0.78,0.79,0.67,0.17,1,1751000,23,1258710
2017-03-30,0.81,0.68,0.84,0.65,-0.1,-1,1073000,36,785680
2017-03-31,0.6,0.6,0.6,0.55,-0.08,-1,170000,7,98400
2017-04-05,0.58,0.56,0.58,0.56,-0.04,-1,260000,3,149600
2017-04-06,0.53,0.53,0.53,0.53,-0.03,-1,3000,1,1590
2017-04-07,0.5,0.44,0.5,0.44,-0.09,-1,28000,4,12980
2017-04-10,0.43,0.43,0.43,0.43,-0.01,-1,20000,1,8600
2017-04-11,0.37,0.36,0.37,0.36,-0.07,-1,60000,3,21900
2017-04-12,0.31,0.28,0.31,0.28,-0.08,-1,26000,2,7460
2017-04-13,0.36,0.36,0.36,0.36,0.08,1,5000,1,1800
2017-04-14,0.29,0.3,0.31,0.29,-0.06,-1,320000,3,97300
2017-04-17,0.33,0.33,0.33,0.33,0.03,1,300000,2,99000
2017-04-20,0.25,0.25,0.25,0.25,-0.02,-1,20000,1,5000
2017-04-24,0.3,0.29,0.3,0.29,0.03,1,120000,2,35000
2017-04-25,0.32,0.32,0.32,0.32,0.03,1,100000,1,32000
2017-04-27,0.26,0.26,0.26,0.26,-0.03,-1,10000,1,2600
