date,OP,CP,HP,LP,DF,RD,TV,TC,TO
2016-11-22,1.01,1.01,1.01,1.01,0.03,1,499000,2,503990
2016-11-23,1.13,1.04,1.13,1.04,0.03,1,1328000,7,1430930
2016-11-24,1.19,1.13,1.19,1.13,0.09,1,829000,9,970330
2016-12-01,1.04,1.05,1.05,1.04,0.02,1,120000,2,125800
2016-12-05,1.05,1.05,1.05,1.05,0.0,0,100000,1,105000
2016-12-07,1.05,1.05,1.05,1.05,0.0,0,303000,4,318150
2016-12-08,1.1,1.17,1.17,1.1,0.12,1,797000,18,912940
2016-12-09,1.18,1.12,1.18,1.12,-0.05,-1,509000,7,584990
2016-12-12,1.08,1.08,1.08,1.08,-0.04,-1,400000,4,432000
2016-12-13,1.11,1.06,1.11,1.06,-0.02,-1,903000,7,987300
2016-12-14,1.1,1.05,1.1,1.04,-0.01,-1,1146000,12,1215300
2016-12-15,1.06,1.07,1.07,1.06,0.02,1,846000,13,899760
2016-12-16,1.04,1.02,1.04,1.02,-0.05,-1,78000,2,81060
2016-12-21,0.93,0.91,0.93,0.9,-0.03,-1,502000,5,460420
2016-12-22,0.89,0.9,0.9,0.88,-0.01,-1,1362000,14,1213750
2016-12-23,0.93,0.88,0.93,0.88,-0.02,-1,1254000,25,1154320
2016-12-28,0.87,0.87,0.87,0.87,0.02,1,250000,3,217500
2016-12-29,0.9,0.87,0.9,0.87,0.0,0,203000,4,182110
2017-01-05,0.87,0.87,0.87,0.87,-0.01,-1,3000,1,2610
2017-01-10,0.82,0.82,0.82,0.82,-0.03,-1,25000,1,20500
2017-01-12,0.86,0.86,0.86,0.86,0.02,1,2000,1,1720
2017-01-13,0.81,0.83,0.83,0.81,-0.03,-1,602000,7,497620
2017-01-16,0.87,0.89,0.89,0.87,0.06,1,735000,9,645150
2017-01-17,0.85,0.86,0.87,0.85,-0.03,-1,635000,9,543450
2017-01-18,0.88,0.88,0.88,0.87,0.02,1,635000,8,557790
2017-01-19,0.94,1.02,1.02,0.94,0.14,1,74000,3,75060
2017-01-20,1.12,1.0,1.14,1.0,-0.02,-1,150000,13,164180
2017-01-23,0.9,0.92,0.92,0.9,-0.08,-1,110000,2,101000
2017-02-02,0.83,0.88,0.89,0.83,-0.01,-1,459000,8,382580
2017-02-03,0.94,0.91,0.94,0.91,0.03,1,431000,6,398210
2017-02-08,0.88,0.86,0.88,0.86,-0.01,-1,450000,5,388000
2017-02-09,0.89,0.88,0.9,0.88,0.02,1,470000,9,418000
2017-02-10,0.93,0.92,0.98,0.91,0.04,1,554000,9,510520
2017-02-13,0.94,0.9,0.95,0.9,-0.02,-1,540000,10,502700
2017-02-14,0.86,0.92,0.92,0.84,0.02,1,1695000,26,1482150
2017-02-15,0.96,1.11,1.25,0.96,0.19,1,2044000,37,2243670
2017-02-16,1.18,1.04,1.18,1.04,-0.07,-1,1099000,23,1180950
2017-02-17,1.01,0.99,1.01,0.99,-0.05,-1,110000,3,109100
2017-02-18,1.02,1.04,1.05,1.01,0.05,1,112000,10,116410
2017-02-20,1.03,0.98,1.03,0.96,-0.06,-1,462000,11,452740
2017-02-22,0.91,0.98,0.98,0.91,0.05,1,523000,11,477610
2017-02-23,1.05,0.97,1.07,0.97,-0.01,-1,530000,45,555870
2017-02-24,0.92,0.92,0.94,0.91,-0.05,-1,107000,9,98220
2017-03-03,0.85,0.79,0.85,0.79,-0.02,-1,30000,2,24900
2017-03-06,0.81,0.82,0.82,0.81,0.03,1,220000,5,178400
2017-03-07,0.86,0.86,0.9,0.86,0.04,1,263000,16,227000
2017-03-08,0.88,0.89,0.89,0.88,0.03,1,460000,8,405900
2017-03-09,1.01,0.92,1.01,0.92,0.03,1,473000,40,465570
2017-03-10,0.84,0.84,0.84,0.84,-0.08,-1,10000,1,8400
2017-03-13,0.91,0.93,1.03,0.91,0.09,1,715000,18,671520
2017-03-14,1.14,1.15,1.32,1.07,0.22,1,648000,33,730380
2017-03-15,1.2,1.16,1.2,1.13,0.01,1,151000,9,176230
2017-03-16,1.16,1.16,1.16,1.16,0.0,0,10000,2,11600
2017-03-17,1.21,1.14,1.21,1.14,-0.02,-1,116000,4,135150
2017-03-20,1.06,0.99,1.06,0.99,-0.15,-1,110000,2,115900
2017-03-21,0.96,0.93,0.96,0.93,-0.06,-1,60000,2,56400
2017-03-22,0.88,0.89,0.89,0.88,-0.04,-1,110000,3,97800
2017-03-23,0.98,0.96,0.98,0.96,0.07,1,110000,2,107600
2017-03-27,0.87,0.83,0.87,0.83,-0.03,-1,329000,6,273830
2017-03-28,0.86,0.75,0.86,0.75,-0.08,-1,1400000,26,1086000
2017-03-29,0.78,0.82,0.83,0.78,0.07,1,1110000,81,886430
2017-03-30,0.85,0.79,0.85,0.78,-0.03,-1,964000,23,772300
2017-03-31,0.83,0.84,0.84,0.83,0.05,1,650000,48,542000
2017-04-05,0.78,0.8,0.8,0.78,-0.04,-1,475000,8,377530
2017-04-06,0.84,0.79,0.84,0.79,-0.01,-1,1198000,29,967320
2017-04-07,0.82,0.82,0.83,0.77,0.03,1,958000,76,780550
2017-04-10,0.81,0.76,0.81,0.76,-0.06,-1,203000,8,155760
2017-04-11,0.71,0.72,0.72,0.71,-0.04,-1,187000,4,134510
2017-04-12,0.66,0.63,0.66,0.63,-0.09,-1,48000,2,31290
2017-04-13,0.61,0.61,0.61,0.61,-0.02,-1,100000,2,61000
2017-04-14,0.58,0.53,0.58,0.53,-0.08,-1,290000,3,158700
2017-04-20,0.36,0.36,0.36,0.36,-0.01,-1,400000,2,144000
2017-04-27,0.36,0.36,0.36,0.36,-0.02,-1,300000,2,108000
2017-04-28,0.41,0.36,0.41,0.34,0.0,0,900000,5,336000
