date,OP,CP,HP,LP,DF,RD,TV,TC,TO
2016-12-05,1.28,1.32,1.32,1.28,0.1,1,116000,4,152960
2016-12-06,1.24,1.23,1.3,1.23,-0.09,-1,151000,8,192980
2016-12-07,1.25,1.25,1.25,1.25,0.02,1,1000,1,1250
2016-12-08,1.27,1.44,1.47,1.26,0.19,1,378000,25,520640
2016-12-09,1.41,1.37,1.42,1.37,-0.07,-1,330000,12,462640
2016-12-12,1.44,1.52,1.53,1.43,0.15,1,366000,22,540480
2016-12-13,1.44,1.41,1.47,1.41,-0.11,-1,358000,10,517620
2016-12-15,1.29,1.33,1.33,1.29,0.0,0,31000,4,40430
2016-12-16,1.29,1.29,1.29,1.29,-0.04,-1,30000,3,38700
2016-12-19,1.33,1.36,1.36,1.33,0.07,1,69000,2,93540
2016-12-20,1.32,1.22,1.32,1.19,-0.14,-1,118000,6,149840
2016-12-23,1.13,1.11,1.14,1.11,-0.02,-1,594000,10,659440
2016-12-26,1.12,1.2,1.2,1.11,0.09,1,796000,9,892860
2016-12-27,1.18,1.28,1.31,1.18,0.08,1,1137000,25,1439770
2016-12-28,1.22,1.23,1.25,1.22,-0.05,-1,1427000,21,1777170
2016-12-29,1.26,1.28,1.29,1.26,0.05,1,453000,9,576350
2016-12-30,1.21,1.25,1.25,1.21,-0.03,-1,4000,2,4880
2017-01-03,1.21,1.25,1.28,1.2,0.0,0,601000,18,741300
2017-01-04,1.27,1.19,1.3,1.19,-0.06,-1,655000,19,833820
2017-01-05,1.25,1.21,1.28,1.21,0.02,1,104000,6,128220
2017-01-06,1.24,1.26,1.26,1.21,0.05,1,62000,6,76240
2017-01-09,1.19,1.21,1.24,1.18,-0.05,-1,594000,23,718970
2017-01-10,1.21,1.14,1.22,1.14,-0.07,-1,527000,20,626820
2017-01-11,1.19,1.19,1.19,1.19,0.05,1,43000,1,51170
2017-01-16,1.15,1.15,1.15,1.15,0.05,1,30000,2,34500
2017-01-17,1.16,1.61,1.61,1.16,0.46,1,725000,34,933710
2017-01-18,1.61,1.56,1.65,1.52,-0.05,-1,691000,50,1082940
2017-01-19,1.64,1.6,1.94,1.6,0.04,1,475000,32,847300
2017-01-20,1.59,1.47,1.59,1.46,-0.13,-1,399000,23,615710
2017-01-23,1.56,1.56,1.56,1.56,0.09,1,10000,1,15600
2017-01-24,1.51,1.48,1.51,1.48,-0.08,-1,20000,2,29900
2017-02-02,1.49,1.64,1.64,1.49,0.16,1,27000,2,43230
2017-02-03,1.51,1.56,1.56,1.5,-0.08,-1,422000,9,640170
2017-02-06,1.62,1.57,1.62,1.55,0.01,1,425000,16,681420
2017-02-07,1.48,1.48,1.48,1.48,-0.09,-1,20000,2,29600
2017-02-08,1.53,1.53,1.59,1.5,0.05,1,296000,8,452660
2017-02-09,1.54,1.5,1.54,1.49,-0.03,-1,200000,10,300800
2017-02-10,1.52,1.52,1.52,1.52,0.02,1,10000,1,15200
2017-02-13,1.23,1.32,1.35,1.23,-0.2,-1,96000,5,125180
2017-02-14,1.34,1.41,1.41,1.34,0.09,1,3000,2,4160
2017-02-15,1.33,1.44,1.44,1.33,0.03,1,638000,15,896150
2017-02-16,1.49,1.33,1.49,1.33,-0.11,-1,1375000,43,1925760
2017-02-17,1.36,1.37,1.41,1.36,0.04,1,1139000,23,1573210
2017-02-18,1.45,1.5,1.59,1.44,0.13,1,807000,27,1215180
2017-02-20,1.5,1.4,1.5,1.4,-0.1,-1,1182000,24,1704260
2017-02-21,1.44,1.4,1.44,1.4,0.0,0,770000,5,1104400
2017-02-22,1.39,1.42,1.53,1.39,0.02,1,874000,18,1291860
2017-02-23,1.44,1.39,1.45,1.39,-0.03,-1,722000,41,1023310
2017-02-24,1.42,1.38,1.44,1.37,-0.01,-1,165000,10,230400
2017-03-01,1.35,1.27,1.35,1.23,-0.11,-1,245000,8,311550
2017-03-02,1.22,1.26,1.26,1.22,-0.01,-1,82000,3,101340
2017-03-03,1.19,1.06,1.19,1.06,-0.2,-1,217000,7,249390
2017-03-06,1.1,1.11,1.11,1.1,0.05,1,106000,2,116900
2017-03-07,1.13,1.16,1.19,1.13,0.05,1,359000,17,414810
2017-03-08,1.14,1.07,1.14,1.07,-0.09,-1,271000,26,304310
2017-03-09,1.06,1.06,1.06,1.06,-0.01,-1,20000,2,21200
2017-03-10,1.01,0.86,1.01,0.86,-0.2,-1,119000,6,111480
2017-03-13,0.97,1.23,1.23,0.97,0.37,1,470000,30,526380
2017-03-14,1.08,1.13,1.15,1.03,-0.1,-1,485000,29,531400
2017-03-15,1.16,1.12,1.16,1.12,-0.01,-1,10000,2,11560
2017-03-16,1.22,1.1,1.22,1.1,-0.02,-1,480000,6,561400
2017-03-17,1.11,1.12,1.12,1.07,0.02,1,634000,8,688340
2017-03-20,1.13,1.22,1.22,1.13,0.1,1,307000,8,360540
2017-03-21,1.15,1.11,1.15,1.11,-0.11,-1,207000,3,233670
2017-03-22,1.13,1.14,1.14,1.13,0.03,1,100000,2,113400
2017-03-23,1.33,1.39,1.64,1.33,0.25,1,490000,12,704600
2017-03-24,1.49,1.51,1.55,1.48,0.12,1,273000,8,411480
2017-03-27,1.41,1.37,1.41,1.37,-0.14,-1,102000,2,141300
2017-03-28,1.12,1.12,1.12,1.12,-0.25,-1,100000,1,112000
2017-03-30,1.42,1.28,1.43,1.28,0.09,1,126000,5,176980
2017-03-31,1.33,1.27,1.33,1.24,-0.01,-1,127000,3,160720
2017-04-05,1.58,1.81,1.81,1.58,0.54,1,45000,5,73500
2017-04-06,1.69,1.84,1.87,1.68,0.03,1,109000,5,191570
2017-04-07,1.81,1.72,1.81,1.61,-0.12,-1,50000,6,85030
2017-04-11,2.38,2.38,2.38,2.38,0.25,1,7000,1,16660
2017-04-12,2.22,2.48,2.48,2.22,0.1,1,20000,2,47000
2017-04-13,2.8,2.8,2.8,2.8,0.32,1,10000,1,28000
2017-04-27,2.46,2.46,2.46,2.46,0.21,1,10000,1,24600
2017-04-28,2.69,2.69,2.69,2.69,0.23,1,10000,1,26900
