date,OP,CP,HP,LP,DF,RD,TV,TC,TO
2016-11-23,1.19,1.16,1.3,1.16,0.04,1,191000,20,228370
2016-11-24,1.14,1.16,1.17,1.09,0.0,0,177000,11,201350
2016-11-25,1.21,1.33,1.33,1.18,0.17,1,293000,25,362660
2016-11-28,1.33,1.24,1.33,1.2,-0.09,-1,502000,34,623110
2016-11-29,1.28,1.2,1.28,1.15,-0.04,-1,325000,18,387440
2016-11-30,1.21,1.25,1.25,1.21,0.05,1,101000,9,124800
2016-12-01,1.2,1.18,1.23,1.17,-0.07,-1,41000,6,49220
2016-12-02,1.24,1.21,1.25,1.2,0.03,1,55000,6,66970
2016-12-05,1.26,1.38,1.38,1.21,0.17,1,559000,35,735770
2016-12-06,1.41,1.45,1.6,1.4,0.07,1,1117000,70,1664710
2016-12-07,1.43,1.42,1.55,1.4,-0.03,-1,1067000,60,1534350
2016-12-08,1.42,1.31,1.43,1.26,-0.11,-1,676000,51,900330
2016-12-09,1.32,1.33,1.38,1.27,0.02,1,1046000,51,1390410
2016-12-12,1.33,1.35,1.45,1.31,0.02,1,438000,32,592710
2016-12-13,1.35,1.28,1.36,1.28,-0.07,-1,917000,26,1233990
2016-12-14,1.24,1.2,1.36,1.2,-0.08,-1,724000,28,912810
2016-12-15,1.15,1.25,1.27,1.15,0.05,1,345000,17,423870
2016-12-16,1.23,1.14,1.23,1.14,-0.11,-1,241000,23,285530
2016-12-19,1.11,0.93,1.11,0.9,-0.21,-1,542000,37,525350
2016-12-20,1.0,0.99,1.02,0.95,0.06,1,297000,27,292230
2016-12-21,0.94,0.96,1.02,0.94,-0.03,-1,168000,18,162020
2016-12-22,0.9,0.86,0.9,0.83,-0.1,-1,410000,29,351030
2016-12-23,1.08,1.25,1.25,1.08,0.39,1,184000,32,210200
2016-12-26,1.24,1.72,1.74,1.24,0.47,1,768000,94,1038800
2016-12-27,1.73,1.33,1.73,1.3,-0.39,-1,3043000,193,4247670
2016-12-28,1.32,1.59,1.72,1.28,0.26,1,3554000,225,5219950
2016-12-29,1.59,1.63,1.72,1.54,0.04,1,2337000,159,3781740
2016-12-30,1.66,1.61,1.68,1.59,-0.02,-1,1391000,86,2267030
2017-01-03,1.62,1.58,1.63,1.57,-0.03,-1,1805000,62,2890970
2017-01-04,1.61,2.05,2.05,1.6,0.47,1,2181000,194,4019700
2017-01-05,2.0,1.81,2.08,1.81,-0.24,-1,1845000,154,3524270
2017-01-06,1.84,1.89,1.9,1.78,0.08,1,1368000,83,2514040
2017-01-09,1.93,1.83,2.01,1.77,-0.06,-1,1395000,78,2553830
2017-01-10,1.85,1.78,1.85,1.77,-0.05,-1,330000,41,593900
2017-01-11,1.94,1.59,1.98,1.56,-0.19,-1,1533000,136,2648800
2017-01-12,1.59,1.7,1.72,1.5,0.11,1,838000,100,1324140
2017-01-13,1.66,1.56,1.66,1.56,-0.14,-1,480000,43,769110
2017-01-16,1.5,1.51,1.53,1.44,-0.05,-1,667000,42,988160
2017-01-17,1.59,1.7,1.72,1.56,0.19,1,945000,80,1558420
2017-01-18,1.61,1.63,1.7,1.61,-0.07,-1,1196000,51,1968730
2017-01-19,1.6,1.63,1.88,1.6,0.0,0,2484000,117,4392100
2017-01-20,1.63,1.59,1.66,1.57,-0.04,-1,803000,57,1299260
2017-01-23,1.62,1.63,1.79,1.62,0.04,1,175000,22,298760
2017-01-24,1.57,1.51,1.58,1.46,-0.12,-1,1674000,57,2531180
2017-02-02,1.45,1.45,1.54,1.43,-0.06,-1,1013000,37,1478530
2017-02-03,1.49,1.57,1.7,1.49,0.12,1,1848000,62,2963380
2017-02-06,1.57,1.53,1.58,1.5,-0.04,-1,1716000,31,2636210
2017-02-07,1.51,2.08,2.14,1.51,0.55,1,2414000,202,4418200
2017-02-08,2.09,1.9,2.26,1.8,-0.18,-1,3010000,294,6087270
2017-02-09,1.9,1.9,2.0,1.83,0.0,0,1098000,88,2072330
2017-02-10,2.0,2.31,2.4,2.0,0.41,1,2097000,210,4610580
2017-02-13,2.37,2.24,2.5,2.19,-0.07,-1,984000,117,2249800
2017-02-14,2.23,2.11,2.34,2.03,-0.13,-1,761000,92,1659140
2017-02-15,2.23,2.2,2.31,2.15,0.09,1,427000,71,949380
2017-02-16,2.2,2.05,2.2,2.02,-0.15,-1,1139000,74,2352680
2017-02-17,2.07,2.11,2.11,2.03,0.06,1,498000,38,1027390
2017-02-18,2.09,2.12,2.28,2.09,0.01,1,586000,69,1297360
2017-02-20,2.13,1.94,2.13,1.94,-0.18,-1,448000,55,921130
2017-02-21,2.0,1.9,2.0,1.83,-0.04,-1,258000,30,490970
2017-02-22,1.92,1.87,2.03,1.86,-0.03,-1,739000,48,1412220
2017-02-23,2.08,1.63,2.08,1.6,-0.24,-1,1003000,90,1692150
2017-02-24,1.51,1.55,1.63,1.51,-0.08,-1,755000,71,1183880
2017-03-01,1.55,1.43,1.57,1.43,-0.12,-1,700000,77,1035680
2017-03-02,1.49,1.42,1.55,1.4,-0.01,-1,503000,52,741100
2017-03-03,1.39,1.59,1.6,1.39,0.17,1,1462000,123,2230300
2017-03-06,1.54,1.47,1.56,1.46,-0.12,-1,1139000,70,1693990
2017-03-07,1.51,1.45,1.54,1.43,-0.02,-1,538000,40,795470
2017-03-08,1.45,1.5,1.51,1.43,0.05,1,884000,50,1285270
2017-03-09,1.43,1.46,1.46,1.39,-0.04,-1,296000,22,421600
2017-03-10,1.33,1.37,1.4,1.26,-0.09,-1,650000,40,861660
2017-03-13,1.53,1.4,1.54,1.39,0.03,1,1343000,60,1943720
2017-03-14,1.42,1.42,1.45,1.4,0.02,1,1226000,33,1740770
2017-03-15,1.47,1.51,1.62,1.46,0.09,1,2098000,89,3221280
2017-03-16,1.52,1.43,1.53,1.42,-0.08,-1,1664000,36,2463940
2017-03-17,1.45,1.38,1.46,1.38,-0.05,-1,402000,27,571640
2017-03-20,1.39,1.49,1.53,1.34,0.11,1,889000,61,1299830
2017-03-21,1.5,1.57,1.7,1.5,0.08,1,2683000,81,4363750
2017-03-22,1.45,1.49,1.6,1.45,-0.08,-1,859000,37,1304290
2017-03-23,1.53,1.44,1.53,1.44,-0.05,-1,805000,29,1182180
2017-03-24,1.46,1.52,1.6,1.46,0.08,1,1199000,41,1863440
2017-03-27,1.45,1.03,1.45,1.03,-0.49,-1,1912000,68,2489940
2017-03-28,1.02,0.78,1.1,0.62,-0.25,-1,1861000,92,1545290
2017-03-29,0.8,0.79,0.82,0.64,0.01,1,1581000,65,1179770
2017-03-30,0.77,0.77,0.8,0.75,-0.02,-1,759000,42,589270
2017-03-31,0.78,0.7,0.78,0.68,-0.07,-1,749000,30,539910
2017-04-05,0.66,0.72,0.74,0.65,0.02,1,717000,29,509640
2017-04-06,0.72,0.71,0.74,0.69,-0.01,-1,412000,23,296480
2017-04-07,0.71,0.7,0.72,0.7,-0.01,-1,174000,8,123290
2017-04-10,0.73,0.67,0.74,0.67,-0.03,-1,246000,11,175820
2017-04-11,0.68,0.68,0.76,0.68,0.01,1,827000,23,580150
2017-04-12,0.7,0.64,0.7,0.62,-0.04,-1,118000,9,76890
2017-04-13,0.53,0.43,0.55,0.43,-0.21,-1,1541000,45,719620
2017-04-14,0.36,0.26,0.36,0.25,-0.17,-1,2560000,46,759200
2017-04-17,0.36,0.42,0.42,0.32,0.16,1,2081000,41,789920
2017-04-18,0.4,0.48,0.5,0.38,0.06,1,1209000,21,507850
2017-04-19,0.4,0.43,0.45,0.4,-0.05,-1,558000,11,242750
2017-04-20,0.46,0.41,0.47,0.39,-0.02,-1,926000,22,406570
2017-04-21,0.41,0.39,0.42,0.39,-0.02,-1,465000,13,188500
2017-04-24,0.39,0.34,0.4,0.34,-0.05,-1,760000,22,273700
2017-04-25,0.34,0.37,0.4,0.34,0.03,1,1369000,28,505060
2017-04-26,0.41,0.41,0.43,0.4,0.04,1,1236000,24,521640
2017-04-27,0.38,0.37,0.38,0.37,-0.04,-1,267000,9,100280
2017-04-28,0.39,0.42,0.45,0.39,0.05,1,677000,23,285670
2017-05-02,0.38,0.38,0.39,0.38,-0.04,-1,58000,4,22090
