date,OP,CP,HP,LP,DF,RD,TV,TC,TO
2016-11-30,0.81,0.77,0.81,0.77,-0.08,-1,28000,3,21960
2016-12-01,0.76,0.61,0.76,0.61,-0.16,-1,281000,8,181440
2016-12-02,0.55,0.56,0.56,0.55,-0.05,-1,39000,4,21740
2016-12-05,0.58,0.56,0.58,0.55,0.0,0,90000,4,51050
2016-12-06,0.58,0.55,0.58,0.55,-0.01,-1,2000,2,1130
2016-12-07,0.54,0.56,0.56,0.54,0.01,1,230000,5,126100
2016-12-08,0.62,0.75,0.77,0.62,0.19,1,602000,8,446460
2016-12-09,0.75,0.75,0.75,0.7,0.0,0,303000,7,226800
2016-12-12,0.79,0.76,0.79,0.74,0.01,1,758000,10,574960
2016-12-13,0.72,0.72,0.76,0.71,-0.04,-1,847000,17,621000
2016-12-14,0.79,1.04,1.05,0.79,0.32,1,1839000,36,1655440
2016-12-15,1.09,1.25,1.42,1.07,0.21,1,1799000,58,2248680
2016-12-16,1.26,1.28,1.44,1.2,0.03,1,972000,33,1281230
2016-12-19,1.31,1.07,1.4,1.03,-0.21,-1,2106000,36,2451340
2016-12-20,1.14,2.0,2.0,1.08,0.93,1,1676000,51,2073820
2016-12-21,1.5,1.32,1.54,1.3,-0.68,-1,2511000,95,3515000
2016-12-22,1.37,1.29,1.37,1.24,-0.03,-1,668000,33,879840
2016-12-23,1.28,1.17,1.3,1.13,-0.12,-1,326000,16,381140
2016-12-26,1.37,1.14,1.37,1.1,-0.03,-1,597000,21,704440
2016-12-27,1.13,0.99,1.13,0.99,-0.15,-1,1221000,32,1260720
2016-12-28,1.04,1.31,1.4,1.04,0.32,1,865000,33,1008950
2016-12-29,1.26,1.23,1.28,1.21,-0.08,-1,313000,16,384370
2016-12-30,1.18,1.2,1.42,1.18,-0.03,-1,571000,20,708820
2017-01-03,1.12,1.2,1.2,1.12,0.0,0,459000,8,547360
2017-01-04,1.32,1.3,1.6,1.19,0.1,1,1372000,51,1928050
2017-01-05,1.24,1.22,1.24,1.16,-0.08,-1,496000,13,611060
2017-01-06,1.19,1.17,1.19,1.17,-0.05,-1,153000,4,179370
2017-01-09,1.27,1.08,1.27,1.08,-0.09,-1,161000,10,180270
2017-01-10,1.01,0.92,1.01,0.88,-0.16,-1,639000,24,589210
2017-01-11,0.96,0.84,0.96,0.8,-0.08,-1,504000,26,444220
2017-01-12,0.9,0.97,1.07,0.9,0.13,1,352000,19,336840
2017-01-13,1.0,1.12,1.16,1.0,0.15,1,629000,14,681220
2017-01-16,1.09,1.21,1.3,1.07,0.09,1,562000,25,692710
2017-01-17,1.21,1.31,1.31,1.18,0.1,1,297000,19,367860
2017-01-18,1.4,1.68,2.0,1.4,0.37,1,1074000,45,1719770
2017-01-19,1.69,2.15,2.26,1.59,0.47,1,463000,34,904730
2017-01-20,2.3,1.88,2.61,1.88,-0.27,-1,454000,30,1045210
2017-01-23,2.23,2.66,2.66,2.09,0.78,1,281000,35,667180
2017-01-24,2.61,2.43,2.84,2.34,-0.23,-1,372000,24,951510
2017-02-02,2.53,2.75,2.94,2.46,0.32,1,323000,25,847330
2017-02-03,2.73,2.36,2.73,2.33,-0.39,-1,153000,12,383720
2017-02-06,2.26,2.23,2.29,2.2,-0.13,-1,237000,11,530190
2017-02-07,2.27,2.39,2.67,2.27,0.16,1,347000,12,850320
2017-02-08,2.79,3.31,3.31,2.6,0.92,1,271000,17,775220
2017-02-09,3.7,4.43,4.43,3.7,1.12,1,22000,5,85970
2017-02-10,4.8,3.96,5.1,3.96,-0.47,-1,190000,14,844210
2017-02-13,4.33,4.36,4.36,4.32,0.4,1,42000,3,182970
2017-02-14,4.04,3.89,4.04,3.6,-0.47,-1,31000,4,119320
2017-02-16,5.0,5.2,5.75,5.0,1.09,1,36000,8,185950
2017-02-17,5.1,5.45,5.45,5.1,0.25,1,8000,2,42900
2017-02-18,6.15,5.8,6.2,5.6,0.35,1,14000,10,82750
2017-02-20,5.2,5.4,5.4,5.2,-0.4,-1,52000,3,272300
2017-02-21,5.7,5.5,5.7,5.5,0.1,1,20000,3,112850
2017-02-22,6.05,6.7,6.8,6.05,1.2,1,39000,6,249750
2017-02-23,6.35,6.3,6.35,6.3,-0.4,-1,37000,4,233650
2017-02-24,5.75,5.7,5.75,5.7,-0.6,-1,27000,3,154450
2017-03-01,6.4,5.65,6.4,5.65,-0.05,-1,16000,6,98250
2017-03-02,5.2,5.2,5.6,5.2,-0.45,-1,8000,4,42750
2017-03-03,5.65,5.65,5.65,5.65,0.45,1,9000,2,50850
2017-03-06,5.55,5.5,5.55,5.5,-0.15,-1,95000,2,526500
2017-03-07,6.15,6.25,6.25,5.95,0.75,1,65000,9,403150
2017-03-08,5.45,5.55,5.55,5.45,-0.7,-1,141000,9,782300
2017-03-13,5.4,5.85,5.95,5.4,0.55,1,4000,3,23150
2017-03-14,6.0,5.6,6.0,5.6,-0.25,-1,10000,2,59600
2017-03-15,6.05,6.05,6.05,6.05,0.45,1,3000,1,18150
2017-03-16,5.9,5.95,5.95,5.9,-0.1,-1,12000,2,70900
2017-03-17,6.05,6.85,6.85,6.05,0.9,1,22000,3,142300
2017-03-20,8.0,8.1,8.95,8.0,1.25,1,26000,5,220400
2017-03-21,8.2,8.0,8.3,8.0,-0.1,-1,24000,6,198100
2017-03-22,7.15,10.0,10.0,7.15,2.0,1,94000,16,839200
2017-03-23,11.0,10.0,11.7,9.75,0.0,0,76000,10,828750
2017-03-24,8.65,8.65,8.65,8.65,-1.35,-1,4000,2,34600
2017-03-27,8.3,8.25,8.3,8.25,-0.4,-1,14000,2,116000
2017-03-28,8.0,7.95,8.0,7.65,-0.3,-1,147000,5,1173250
2017-03-29,8.3,8.75,8.75,8.3,0.8,1,16000,3,135500
2017-03-30,8.7,9.25,9.8,8.7,0.5,1,24000,4,221650
2017-04-05,9.05,9.05,9.05,9.05,0.1,1,1000,1,9050
2017-04-06,10.0,10.0,10.0,10.0,0.95,1,17000,3,170000
2017-04-07,10.1,10.6,10.6,10.1,0.6,1,15000,2,156500
2017-04-10,10.9,12.0,12.0,10.8,1.4,1,34000,6,388900
2017-04-11,11.7,11.7,11.8,11.6,-0.3,-1,24000,8,280800
2017-04-12,10.3,10.3,10.3,10.3,-1.4,-1,20000,1,206000
2017-04-18,10.5,10.5,10.5,10.5,1.4,1,2000,1,21000
2017-04-20,8.3,8.25,8.3,8.25,-1.85,-1,10000,2,82750
2017-04-21,8.7,8.7,8.7,8.7,0.45,1,2000,1,17400
2017-04-24,7.45,7.45,7.45,7.45,-1.25,-1,2000,1,14900
2017-04-26,8.85,8.85,8.85,8.85,0.55,1,10000,1,88500
2017-05-10,7.8,7.7,7.8,7.7,-0.25,-1,30000,3,233000
2017-05-11,7.75,8.4,8.6,7.75,0.7,1,50000,5,405600
2017-05-12,8.8,9.95,9.95,8.8,1.55,1,46000,5,425500
2017-05-15,10.6,10.6,10.6,10.6,0.65,1,20000,2,212000
2017-05-17,10.1,10.1,10.1,10.1,0.5,1,10000,1,101000
2017-05-18,10.0,10.5,10.5,10.0,0.4,1,30000,4,308000
