date,OP,CP,HP,LP,DF,RD,TV,TC,TO
2016-12-12,1.12,1.08,1.15,1.08,-0.08,-1,53000,9,59530
2016-12-13,1.09,1.12,1.12,1.05,0.04,1,396000,15,432260
2016-12-14,1.1,1.25,1.25,1.1,0.13,1,880000,29,1042880
2016-12-15,1.32,1.53,1.66,1.32,0.28,1,1668000,54,2402650
2016-12-16,1.61,1.46,1.7,1.46,-0.07,-1,1252000,38,1980310
2016-12-19,1.44,1.44,1.48,1.42,-0.02,-1,158000,10,226330
2016-12-20,1.6,1.46,1.69,1.46,0.02,1,401000,19,650590
2016-12-21,1.39,1.3,1.39,1.3,-0.16,-1,280000,14,381640
2016-12-22,1.36,1.31,1.36,1.31,0.01,1,59000,3,77620
2016-12-23,1.31,1.18,1.36,1.18,-0.13,-1,67000,11,87150
2016-12-26,1.15,1.21,1.21,1.15,0.03,1,19000,2,22450
2016-12-27,1.25,1.25,1.25,1.25,0.04,1,3000,1,3750
2016-12-28,1.41,1.42,1.56,1.41,0.17,1,478000,19,693200
2016-12-29,1.34,1.39,1.43,1.34,-0.03,-1,652000,16,916320
2016-12-30,1.47,1.54,1.63,1.43,0.15,1,547000,19,820490
2017-01-03,1.53,1.5,1.53,1.42,-0.04,-1,224000,7,330430
2017-01-04,1.52,1.56,1.56,1.51,0.06,1,118000,5,179620
2017-01-05,1.51,1.6,1.65,1.51,0.04,1,293000,16,470090
2017-01-06,1.7,1.6,1.76,1.6,0.0,0,322000,15,550870
2017-01-09,1.59,1.45,1.59,1.43,-0.15,-1,369000,11,557120
2017-01-10,1.7,1.52,1.7,1.5,0.07,1,318000,7,484290
2017-01-11,1.59,1.43,1.59,1.43,-0.09,-1,88000,4,137450
2017-01-12,1.37,1.37,1.37,1.37,-0.06,-1,2000,1,2740
2017-01-13,1.32,1.5,1.52,1.32,0.13,1,176000,14,258330
2017-01-16,1.43,1.42,1.43,1.42,-0.08,-1,104000,2,148560
2017-01-17,1.43,1.43,1.43,1.43,0.01,1,2000,2,2860
2017-01-18,1.35,1.35,1.35,1.35,-0.08,-1,21000,2,28350
2017-01-19,1.27,1.28,1.29,1.27,-0.07,-1,79000,5,100600
2017-01-20,1.14,1.01,1.14,1.01,-0.27,-1,92000,7,100440
2017-01-23,1.04,1.03,1.12,1.03,0.02,1,8000,5,8540
2017-02-02,1.02,0.91,1.03,0.91,-0.07,-1,48000,5,46670
2017-02-03,0.95,0.96,0.96,0.93,0.05,1,152000,7,143950
2017-02-06,1.04,0.96,1.04,0.96,0.0,0,235000,7,240620
2017-02-07,0.96,0.9,0.99,0.9,-0.06,-1,763000,17,735080
2017-02-08,0.9,0.82,0.9,0.81,-0.08,-1,812000,17,698970
2017-02-09,0.84,0.86,0.96,0.84,0.04,1,1026000,20,925120
2017-02-10,0.87,0.83,0.87,0.83,-0.03,-1,951000,21,811280
2017-02-13,0.91,0.85,0.91,0.85,0.02,1,1565000,31,1376260
2017-02-14,0.76,0.57,0.76,0.53,-0.28,-1,2808000,111,1738280
2017-02-15,0.75,0.58,0.75,0.51,0.01,1,997000,35,586090
2017-02-16,0.58,0.42,0.58,0.4,-0.16,-1,1172000,79,549100
2017-02-17,0.4,0.34,0.41,0.34,-0.08,-1,316000,35,115580
2017-02-18,0.4,0.47,0.47,0.4,0.13,1,421000,24,181710
2017-02-20,0.53,0.42,0.54,0.42,-0.05,-1,767000,49,382220
2017-02-21,0.36,0.35,0.38,0.34,-0.07,-1,631000,51,232840
2017-02-22,0.5,0.48,0.5,0.4,0.13,1,4000,4,1810
2017-02-23,0.25,0.21,0.26,0.2,-0.27,-1,1278000,38,313410
2017-02-24,0.21,0.25,0.26,0.21,0.04,1,3236000,43,743930
2017-03-01,0.28,0.38,0.4,0.27,0.13,1,1790000,46,579280
2017-03-02,0.38,0.46,0.48,0.38,0.08,1,8688000,66,3728280
2017-03-03,0.47,0.52,0.58,0.47,0.06,1,1044000,34,547500
2017-03-06,0.59,0.58,0.62,0.57,0.06,1,408000,18,241830
2017-03-07,0.56,0.58,0.58,0.53,0.0,0,287000,7,158010
2017-03-08,0.55,0.55,0.56,0.54,-0.03,-1,504000,9,279120
2017-03-09,0.6,0.55,0.65,0.55,0.0,0,496000,17,301750
2017-03-10,0.45,0.5,0.5,0.4,-0.05,-1,369000,12,158140
2017-03-13,0.41,0.38,0.41,0.38,-0.12,-1,562000,14,226460
2017-03-14,0.38,0.4,0.4,0.38,0.02,1,56000,3,22290
2017-03-15,0.37,0.41,0.41,0.37,0.01,1,15000,2,5950
2017-03-16,0.49,0.46,0.51,0.46,0.05,1,426000,6,203740
2017-03-17,0.48,0.47,0.48,0.47,0.01,1,250000,3,119500
2017-03-20,0.47,0.47,0.47,0.45,0.0,0,246000,4,114620
2017-03-21,0.43,0.38,0.43,0.38,-0.09,-1,251000,5,105530
2017-03-22,0.37,0.44,0.44,0.37,0.06,1,86000,4,35080
2017-03-23,0.45,0.46,0.47,0.41,0.02,1,111000,4,50170
2017-03-24,0.44,0.43,0.44,0.43,-0.03,-1,51000,2,22180
2017-03-27,0.43,0.44,0.51,0.43,0.01,1,77000,4,35370
2017-03-28,0.43,0.4,0.43,0.4,-0.04,-1,76000,3,31810
2017-03-29,0.35,0.42,0.44,0.35,0.02,1,60000,4,23910
2017-03-30,0.46,0.52,0.55,0.46,0.1,1,150000,6,75630
2017-03-31,0.63,0.53,0.65,0.53,0.01,1,357000,10,207940
2017-04-05,0.55,0.57,0.57,0.54,0.04,1,454000,10,248470
2017-04-06,0.53,0.52,0.53,0.51,-0.05,-1,464000,7,243420
2017-04-07,0.55,0.55,0.55,0.52,0.03,1,144000,10,77250
2017-04-10,0.59,0.55,0.6,0.54,0.0,0,389000,11,223930
2017-04-11,0.58,0.53,0.58,0.51,-0.02,-1,401000,7,222510
2017-04-12,0.54,0.53,0.54,0.53,0.0,0,113000,4,60140
2017-04-13,0.53,0.62,0.62,0.53,0.09,1,861000,16,494610
2017-04-14,0.59,0.5,0.59,0.5,-0.12,-1,931000,18,531210
2017-04-17,0.49,0.45,0.49,0.45,-0.05,-1,65000,2,29450
2017-04-18,0.6,0.65,0.7,0.6,0.2,1,504000,17,323640
2017-04-19,0.59,0.56,0.65,0.56,-0.09,-1,530000,13,325820
2017-04-20,0.69,0.73,0.79,0.69,0.17,1,751000,22,556680
2017-04-21,0.77,0.76,0.78,0.76,0.03,1,453000,7,348280
2017-04-24,0.72,0.53,0.72,0.49,-0.23,-1,149000,9,92080
2017-04-25,0.55,0.58,0.58,0.51,0.05,1,143000,7,79820
2017-04-26,0.61,0.61,0.61,0.58,0.03,1,256000,5,153470
2017-04-27,0.65,0.65,0.65,0.65,0.04,1,11000,2,7150
2017-05-02,0.51,0.5,0.51,0.5,-0.01,-1,20000,2,10100
2017-05-05,0.43,0.43,0.43,0.43,-0.03,-1,100000,1,43000
2017-05-12,0.15,0.15,0.15,0.15,-0.06,-1,50000,1,7500
2017-05-15,0.11,0.11,0.11,0.11,-0.04,-1,8000,1,880
2017-05-17,0.12,0.12,0.12,0.12,0.02,1,120000,2,14400
2017-05-18,0.1,0.09,0.11,0.09,-0.03,-1,158000,4,14880
