date,OP,CP,HP,LP,DF,RD,TV,TC,TO
2016-12-23,0.79,0.79,0.79,0.79,-0.01,-1,25000,2,19750
2016-12-26,0.69,0.7,0.71,0.69,-0.09,-1,35000,4,24500
2016-12-27,0.78,0.78,0.78,0.78,0.08,1,10000,1,7800
2016-12-28,0.81,0.81,0.81,0.81,0.03,1,122000,1,98820
2016-12-29,0.79,0.79,0.79,0.79,-0.02,-1,122000,1,96380
2017-01-05,0.77,0.77,0.77,0.77,0.0,0,104000,1,80080
2017-01-06,0.84,0.85,0.85,0.84,0.08,1,109000,5,92350
2017-01-19,0.69,0.7,0.7,0.69,0.03,1,329000,3,228300
2017-01-20,0.67,0.69,0.69,0.67,-0.01,-1,329000,3,223430
2017-02-02,0.82,0.82,0.82,0.82,0.05,1,48000,1,39360
2017-02-03,0.8,0.8,0.8,0.8,-0.02,-1,48000,1,38400
2017-02-06,0.84,0.86,0.88,0.84,0.06,1,355000,9,305960
2017-02-07,0.87,0.84,0.87,0.82,-0.02,-1,353000,15,296320
2017-02-08,0.79,0.79,0.79,0.79,-0.05,-1,21000,2,16590
2017-02-09,0.86,0.8,0.87,0.79,0.01,1,40000,4,33200
2017-02-10,0.84,0.86,0.86,0.84,0.06,1,78000,3,66680
2017-02-13,0.81,0.85,0.86,0.81,-0.01,-1,528000,9,443120
2017-02-14,0.94,0.86,0.94,0.86,0.01,1,463000,14,425670
2017-02-15,0.83,0.82,0.83,0.82,-0.04,-1,36000,4,29720
2017-02-16,0.77,0.76,0.77,0.76,-0.06,-1,36000,4,27520
2017-02-20,0.79,0.79,0.79,0.79,0.02,1,12000,1,9480
2017-02-21,0.76,0.76,0.76,0.76,-0.03,-1,12000,3,9120
2017-02-23,0.76,0.78,0.78,0.76,0.02,1,567000,10,434280
2017-02-24,0.77,0.69,0.77,0.69,-0.09,-1,627000,19,464520
2017-03-01,0.67,0.66,0.67,0.66,-0.03,-1,51000,3,33770
2017-03-03,0.65,0.65,0.65,0.65,-0.01,-1,5000,1,3250
2017-03-06,0.68,0.68,0.68,0.68,0.03,1,29000,1,19720
2017-03-07,0.66,0.69,0.69,0.66,0.01,1,279000,5,191830
2017-03-08,0.7,0.71,0.71,0.7,0.02,1,250000,2,176740
2017-03-13,0.62,0.62,0.62,0.62,0.02,1,2000,1,1240
2017-03-14,0.6,0.65,0.65,0.6,0.03,1,155000,2,100650
2017-03-15,0.65,0.7,0.7,0.65,0.05,1,341000,7,228920
2017-03-16,0.69,0.7,0.7,0.69,0.0,0,188000,4,131360
2017-03-21,0.66,0.71,0.71,0.66,0.06,1,345000,4,232450
2017-03-22,0.75,0.72,0.76,0.67,0.01,1,860000,46,625730
2017-03-23,0.79,0.85,0.86,0.76,0.13,1,3207000,33,2645330
2017-03-24,0.81,0.78,0.81,0.75,-0.07,-1,820000,58,644250
2017-03-27,0.75,0.75,0.75,0.75,-0.03,-1,4000,1,3000
2017-03-28,0.65,0.65,0.65,0.65,-0.1,-1,6000,1,3900
2017-03-29,0.77,0.82,0.87,0.77,0.17,1,3505000,25,2820830
2017-03-30,0.79,0.78,0.81,0.78,-0.04,-1,463000,19,365680
2017-03-31,0.8,0.81,0.81,0.77,0.03,1,276000,5,220560
2017-04-05,0.79,0.69,0.8,0.64,-0.12,-1,1460000,22,1000950
2017-04-06,0.69,0.64,0.72,0.64,-0.05,-1,257000,6,168430
2017-04-07,0.63,0.63,0.63,0.63,-0.01,-1,1000,1,630
2017-04-10,0.64,0.63,0.64,0.63,0.0,0,131000,3,83530
2017-04-11,0.64,0.67,0.68,0.64,0.04,1,810000,11,533840
2017-04-12,0.63,0.62,0.63,0.6,-0.05,-1,761000,24,467590
2017-04-13,0.59,0.63,0.63,0.59,0.01,1,606000,11,374360
2017-04-14,0.59,0.55,0.6,0.53,-0.08,-1,864000,13,479860
2017-04-18,0.57,0.58,0.6,0.57,0.07,1,866000,7,503120
2017-04-19,0.58,0.58,0.58,0.58,0.0,0,246000,1,142680
2017-04-20,0.55,0.55,0.55,0.55,-0.03,-1,200000,2,110000
2017-04-21,0.59,0.59,0.59,0.59,0.04,1,185000,2,109150
2017-04-24,0.58,0.6,0.62,0.56,0.01,1,895000,14,540050
2017-04-25,0.58,0.61,0.61,0.57,0.01,1,945000,13,567600
2017-04-26,0.63,0.72,0.72,0.61,0.11,1,693000,17,458880
2017-04-27,0.82,0.77,0.82,0.74,0.05,1,1106000,59,867230
2017-04-28,0.73,0.67,0.73,0.66,-0.1,-1,616000,22,430180
2017-05-02,0.69,0.7,0.7,0.69,0.03,1,101000,2,70690
2017-05-03,0.69,0.65,0.7,0.65,-0.05,-1,173000,10,116170
2017-05-04,0.6,0.61,0.61,0.6,-0.04,-1,173000,10,105520
2017-05-05,0.57,0.55,0.57,0.55,-0.06,-1,159000,3,89450
2017-05-08,0.58,0.53,0.58,0.53,-0.02,-1,120000,4,66900
2017-05-09,0.55,0.49,0.55,0.49,-0.04,-1,73000,2,39370
