date,OP,CP,HP,LP,DF,RD,TV,TC,TO
2016-12-13,0.94,0.95,0.96,0.92,-0.04,-1,96000,9,90650
2016-12-14,1.0,1.08,1.09,1.0,0.13,1,561000,15,588530
2016-12-15,1.12,1.36,1.38,1.12,0.28,1,1975000,46,2456730
2016-12-16,1.36,1.22,1.42,1.22,-0.14,-1,1865000,40,2443980
2016-12-19,1.21,1.25,1.26,1.2,0.03,1,402000,12,494970
2016-12-20,1.27,1.23,1.39,1.22,-0.02,-1,408000,23,545840
2016-12-21,1.16,1.12,1.16,1.09,-0.11,-1,349000,14,397140
2016-12-22,1.08,1.08,1.12,1.05,-0.04,-1,81000,5,86670
2016-12-23,1.08,0.97,1.12,0.97,-0.11,-1,170000,7,182110
2016-12-26,0.94,0.94,0.94,0.94,-0.03,-1,23000,1,21620
2016-12-27,1.04,1.04,1.04,1.04,0.1,1,20000,2,20800
2016-12-28,1.17,1.17,1.28,1.17,0.13,1,700000,21,848320
2016-12-29,1.16,1.15,1.19,1.14,-0.02,-1,773000,17,897420
2016-12-30,1.2,1.31,1.31,1.18,0.16,1,563000,15,693180
2017-01-03,1.24,1.24,1.24,1.16,-0.07,-1,190000,10,227690
2017-01-04,1.24,1.26,1.28,1.24,0.02,1,309000,8,389490
2017-01-05,1.26,1.31,1.37,1.23,0.05,1,526000,17,680850
2017-01-06,1.38,1.31,1.43,1.31,0.0,0,383000,18,534480
2017-01-09,1.29,1.22,1.29,1.15,-0.09,-1,186000,7,235260
2017-01-10,1.21,1.25,1.25,1.21,0.03,1,193000,5,239850
2017-01-11,1.32,1.18,1.32,1.17,-0.07,-1,174000,5,224430
2017-01-12,1.13,1.11,1.13,1.1,-0.07,-1,18000,3,20080
2017-01-13,1.08,1.23,1.24,1.08,0.12,1,443000,41,535370
2017-01-16,1.2,1.16,1.21,1.15,-0.07,-1,312000,5,359590
2017-01-19,1.04,1.03,1.04,1.03,-0.09,-1,32000,3,32980
2017-01-20,0.9,0.8,0.9,0.8,-0.23,-1,112000,11,97230
2017-01-23,0.81,0.76,0.89,0.76,-0.04,-1,44000,5,35440
2017-01-24,0.79,0.79,0.79,0.78,0.03,1,34000,3,26820
2017-02-02,0.34,0.74,0.83,0.34,-0.05,-1,17000,4,12560
2017-02-03,0.76,0.78,0.78,0.75,0.04,1,89000,7,68220
2017-02-07,0.78,0.75,0.79,0.75,0.0,0,273000,6,213960
2017-02-08,0.7,0.65,0.71,0.65,-0.1,-1,362000,14,250150
2017-02-09,0.71,0.67,0.73,0.67,0.02,1,302000,10,213990
2017-02-10,0.67,0.65,0.68,0.65,-0.02,-1,366000,8,246570
2017-02-13,0.69,0.65,0.7,0.64,0.0,0,528000,25,354440
2017-02-14,0.6,0.42,0.6,0.4,-0.23,-1,841000,25,408810
2017-02-15,0.41,0.42,0.43,0.41,0.0,0,174000,4,72640
2017-02-16,0.41,0.3,0.41,0.28,-0.12,-1,760000,16,241800
2017-02-17,0.29,0.24,0.29,0.22,-0.06,-1,2263000,53,573680
2017-02-18,0.25,0.33,0.33,0.25,0.09,1,1385000,47,402800
2017-02-20,0.38,0.29,0.38,0.29,-0.04,-1,1065000,29,345820
2017-02-21,0.24,0.2,0.26,0.2,-0.09,-1,1047000,28,227930
2017-02-22,0.2,0.2,0.22,0.2,0.0,0,729000,13,146750
2017-02-23,0.16,0.15,0.17,0.15,-0.05,-1,627000,47,99880
2017-02-24,0.13,0.16,0.17,0.13,0.01,1,739000,31,110030
2017-03-01,0.2,0.27,0.27,0.18,0.11,1,563000,24,119810
2017-03-02,0.32,0.32,0.33,0.29,0.05,1,791000,47,241030
2017-03-03,0.34,0.38,0.42,0.33,0.06,1,749000,41,284600
2017-03-06,0.43,0.41,0.47,0.41,0.03,1,715000,23,313610
2017-03-07,0.41,0.41,0.42,0.37,0.0,0,447000,11,180180
2017-03-08,0.4,0.4,0.4,0.4,-0.01,-1,210000,2,84000
2017-03-09,0.48,0.38,0.48,0.38,-0.02,-1,123000,7,55950
2017-03-10,0.3,0.34,0.34,0.28,-0.04,-1,155000,11,47300
2017-03-13,0.32,0.26,0.32,0.26,-0.08,-1,430000,12,117400
2017-03-14,0.26,0.28,0.28,0.26,0.02,1,189000,6,52720
2017-03-15,0.26,0.27,0.27,0.26,-0.01,-1,51000,3,13570
2017-03-16,0.32,0.34,0.34,0.32,0.07,1,210000,3,70300
2017-03-17,0.31,0.31,0.33,0.31,-0.03,-1,260000,4,81600
2017-03-20,0.33,0.33,0.33,0.33,0.02,1,200000,1,66000
2017-03-21,0.32,0.25,0.32,0.25,-0.08,-1,842000,8,247660
2017-03-22,0.24,0.31,0.31,0.24,0.06,1,165000,5,47400
2017-03-23,0.31,0.31,0.31,0.31,0.0,0,234000,2,72540
2017-03-27,0.3,0.32,0.36,0.3,0.01,1,520000,9,173400
2017-03-28,0.28,0.27,0.28,0.27,-0.05,-1,200000,5,55900
2017-03-29,0.23,0.3,0.31,0.23,0.03,1,633000,9,174630
2017-03-30,0.29,0.39,0.4,0.29,0.09,1,1415000,31,500230
2017-03-31,0.46,0.37,0.49,0.37,-0.02,-1,1271000,20,525680
2017-04-05,0.39,0.4,0.42,0.38,0.03,1,1616000,24,635970
2017-04-06,0.38,0.37,0.39,0.37,-0.03,-1,37000,5,13820
2017-04-07,0.4,0.39,0.4,0.36,0.02,1,553000,8,211080
2017-04-10,0.45,0.41,0.45,0.4,0.02,1,281000,12,117250
2017-04-11,0.43,0.4,0.43,0.38,-0.01,-1,1282000,18,502550
2017-04-12,0.42,0.38,0.42,0.38,-0.02,-1,683000,12,263720
2017-04-13,0.39,0.45,0.47,0.39,0.07,1,356000,7,156440
2017-04-14,0.42,0.41,0.43,0.4,-0.04,-1,233000,9,98750
2017-04-17,0.37,0.39,0.39,0.34,-0.02,-1,55000,5,19750
2017-04-18,0.45,0.48,0.5,0.45,0.09,1,490000,16,231750
2017-04-19,0.51,0.48,0.51,0.44,0.0,0,412000,8,201940
2017-04-20,0.55,0.54,0.6,0.54,0.06,1,2011000,40,1113400
2017-04-21,0.59,0.56,0.61,0.54,0.02,1,411000,15,241190
2017-04-24,0.54,0.34,0.54,0.33,-0.22,-1,230000,9,102550
2017-04-25,0.38,0.42,0.42,0.37,0.08,1,197000,11,76190
2017-04-26,0.45,0.43,0.45,0.43,0.01,1,130000,3,56100
2017-05-02,0.33,0.33,0.33,0.33,-0.03,-1,2000,1,660
2017-05-03,0.33,0.33,0.33,0.33,0.0,0,50000,1,16500
2017-05-04,0.33,0.32,0.33,0.32,-0.01,-1,18000,2,5910
2017-05-05,0.32,0.32,0.32,0.32,0.0,0,40000,2,12800
2017-05-08,0.22,0.19,0.22,0.19,-0.13,-1,785000,10,150050
2017-05-09,0.17,0.17,0.17,0.17,-0.02,-1,100000,1,17000
2017-05-10,0.14,0.14,0.14,0.14,-0.03,-1,10000,1,1400
2017-05-11,0.17,0.14,0.17,0.14,0.0,0,330000,9,51200
2017-05-12,0.08,0.05,0.09,0.05,-0.09,-1,310000,5,20900
2017-05-15,0.06,0.06,0.06,0.06,0.01,1,10000,1,600
2017-05-16,0.05,0.05,0.05,0.05,-0.01,-1,10000,1,500
2017-05-17,0.07,0.07,0.07,0.07,0.02,1,30000,2,2100
2017-05-18,0.05,0.04,0.05,0.04,-0.03,-1,21000,2,940
2017-05-19,0.04,0.04,0.04,0.04,0.0,0,20000,2,800
2017-05-24,0.05,0.05,0.05,0.05,0.01,1,11000,1,550
