date,OP,CP,HP,LP,DF,RD,TV,TC,TO
2016-12-21,1.07,1.09,1.09,1.07,-0.15,-1,18000,2,19440
2016-12-22,1.07,1.11,1.11,1.07,0.02,1,38000,3,41380
2016-12-23,1.01,1.01,1.01,1.01,-0.1,-1,20000,2,20200
2016-12-27,1.06,1.06,1.06,1.06,0.05,1,100000,1,106000
2016-12-28,1.12,1.1,1.12,1.1,0.04,1,120000,3,134200
2016-12-29,1.09,1.09,1.09,1.09,-0.01,-1,20000,1,21800
2017-01-03,1.08,1.07,1.08,1.07,-0.02,-1,91000,4,98040
2017-01-04,1.07,1.0,1.07,1.0,-0.07,-1,171000,8,176840
2017-01-05,1.0,1.0,1.0,1.0,0.0,0,30000,1,30000
2017-01-09,0.81,0.81,0.81,0.81,-0.17,-1,6000,1,4860
2017-01-10,0.8,0.78,0.8,0.78,-0.03,-1,128000,3,100100
2017-01-11,0.79,0.81,0.81,0.77,0.03,1,20000,3,15560
2017-01-13,0.8,0.85,0.87,0.8,0.05,1,570000,8,486500
2017-01-16,0.88,0.93,0.95,0.88,0.08,1,690000,9,632080
2017-01-17,0.93,0.92,0.93,0.9,-0.01,-1,145000,4,133290
2017-01-18,0.93,0.93,0.93,0.93,0.01,1,50000,1,46500
2017-01-19,1.01,1.02,1.03,1.01,0.09,1,80000,3,81440
2017-01-20,0.99,0.97,0.99,0.96,-0.05,-1,175000,4,170040
2017-01-23,0.93,0.95,0.95,0.93,-0.02,-1,25000,2,23710
2017-01-24,0.95,0.95,0.95,0.95,0.0,0,100000,1,95000
2017-02-02,0.91,0.93,0.93,0.9,-0.02,-1,75000,3,69250
2017-02-03,0.95,1.08,1.08,0.94,0.15,1,898000,18,886570
2017-02-06,1.02,0.99,1.03,0.99,-0.09,-1,874000,26,881930
2017-02-07,0.96,0.92,0.97,0.91,-0.07,-1,175000,10,166650
2017-02-08,0.96,0.93,0.97,0.93,0.01,1,130000,4,121740
2017-02-09,1.05,1.08,1.18,1.05,0.15,1,582000,21,639300
2017-02-10,1.09,0.99,1.1,0.99,-0.09,-1,525000,20,546400
2017-02-13,1.0,1.0,1.0,1.0,0.01,1,324000,6,324000
2017-02-14,1.09,1.05,1.13,1.05,0.05,1,1075000,12,1165010
2017-02-15,1.11,1.11,1.21,1.1,0.06,1,1612000,40,1831060
2017-02-16,1.08,0.98,1.08,0.95,-0.13,-1,1718000,35,1742400
2017-02-17,0.99,0.98,0.99,0.98,0.0,0,20000,2,19700
2017-02-18,1.01,0.97,1.01,0.95,-0.01,-1,104000,5,99980
2017-02-20,1.01,1.01,1.01,1.01,0.04,1,200000,2,202000
2017-02-21,0.98,0.92,0.98,0.91,-0.09,-1,813000,9,777830
2017-02-22,1.0,1.01,1.01,1.0,0.09,1,200000,4,201000
2017-02-23,0.97,1.02,1.06,0.95,0.01,1,1236000,26,1266190
2017-02-24,0.99,0.94,0.99,0.93,-0.08,-1,1464000,34,1398910
2017-03-01,0.9,0.87,0.9,0.87,-0.07,-1,259000,5,228630
2017-03-02,0.9,0.86,0.9,0.86,-0.01,-1,164000,3,144840
2017-03-03,0.83,0.8,0.83,0.8,-0.06,-1,50000,3,40300
2017-03-06,0.77,0.78,0.79,0.75,-0.02,-1,270000,5,209300
2017-03-08,0.75,0.75,0.75,0.75,-0.03,-1,100000,1,75000
2017-03-09,0.63,0.62,0.63,0.6,-0.13,-1,615000,12,377300
2017-03-10,0.6,0.59,0.61,0.56,-0.03,-1,319000,8,189190
2017-03-13,0.61,0.61,0.61,0.61,0.02,1,36000,2,21960
2017-03-14,0.6,0.67,0.67,0.6,0.06,1,448000,7,283730
2017-03-15,0.67,0.63,0.67,0.62,-0.04,-1,433000,16,276670
2017-03-16,0.64,0.64,0.64,0.63,0.01,1,13000,3,8270
2017-03-17,0.63,0.61,0.63,0.61,-0.03,-1,150000,3,93000
2017-03-20,0.53,0.55,0.56,0.5,-0.06,-1,568000,9,304930
2017-03-21,0.54,0.52,0.54,0.52,-0.03,-1,125000,3,65500
2017-03-22,0.54,0.51,0.54,0.51,-0.01,-1,119000,5,62220
2017-03-23,0.5,0.55,0.56,0.5,0.04,1,676000,11,363500
2017-03-24,0.57,0.57,0.57,0.57,0.02,1,16000,2,9120
2017-03-27,0.52,0.53,0.53,0.52,-0.04,-1,101000,2,53520
2017-03-28,0.58,0.57,0.58,0.57,0.04,1,120000,2,69400
2017-03-30,0.5,0.5,0.5,0.5,-0.03,-1,10000,1,5000
2017-03-31,0.5,0.5,0.5,0.5,0.0,0,12000,1,6000
2017-04-05,0.48,0.47,0.48,0.47,-0.03,-1,210000,3,100700
2017-04-06,0.46,0.46,0.46,0.46,-0.01,-1,200000,2,92000
2017-04-07,0.46,0.46,0.46,0.46,0.0,0,5000,1,2300
2017-04-10,0.45,0.45,0.45,0.45,-0.01,-1,100000,1,45000
2017-04-11,0.34,0.34,0.34,0.34,-0.11,-1,12000,1,4080
2017-04-12,0.31,0.31,0.31,0.31,-0.03,-1,100000,1,31000
2017-04-14,0.23,0.23,0.23,0.23,-0.04,-1,5000,1,1150
2017-04-18,0.29,0.29,0.29,0.29,0.05,1,220000,2,63800
2017-04-20,0.27,0.27,0.27,0.27,-0.01,-1,60000,2,16200
2017-04-25,0.26,0.26,0.26,0.26,0.0,0,10000,1,2600
2017-04-27,0.22,0.22,0.22,0.22,-0.02,-1,5000,1,1100
