date,OP,CP,HP,LP,DF,RD,TV,TC,TO
2016-12-27,1.0,1.0,1.0,1.0,0.04,1,36000,2,36000
2016-12-28,1.02,1.03,1.03,1.02,0.03,1,36000,2,36880
2016-12-29,1.1,1.13,1.13,1.08,0.1,1,51000,4,57230
2016-12-30,1.15,1.18,1.19,1.15,0.05,1,151000,5,179000
2017-01-03,1.21,1.24,1.24,1.21,0.06,1,237000,4,290140
2017-01-04,1.26,1.32,1.32,1.25,0.08,1,212000,7,269790
2017-01-05,1.3,1.33,1.36,1.3,0.01,1,104000,11,136540
2017-01-06,1.2,1.23,1.23,1.2,-0.1,-1,31000,3,37440
2017-01-10,1.1,1.1,1.1,1.1,-0.08,-1,3000,1,3300
2017-01-11,0.97,1.03,1.03,0.97,-0.07,-1,22000,2,21520
2017-01-12,1.09,1.09,1.09,1.09,0.06,1,19000,1,20710
2017-01-18,1.09,1.09,1.13,1.06,0.0,0,1331000,19,1457940
2017-01-19,1.07,1.11,1.16,1.07,0.02,1,2216000,23,2533750
2017-01-20,1.09,1.11,1.12,1.09,0.0,0,894000,9,995440
2017-01-23,1.03,1.03,1.03,1.03,-0.08,-1,9000,1,9270
2017-01-24,1.01,1.01,1.01,1.01,-0.02,-1,5000,1,5050
2017-02-02,0.93,0.93,0.93,0.93,-0.08,-1,5000,1,4650
2017-02-03,0.88,0.81,0.88,0.81,-0.12,-1,69000,6,57580
2017-02-06,0.86,0.84,0.86,0.81,0.03,1,98000,7,80970
2017-02-07,0.8,0.72,0.8,0.72,-0.12,-1,87000,5,64000
2017-02-08,0.7,0.65,0.7,0.65,-0.07,-1,241000,5,162230
2017-02-09,0.69,0.66,0.7,0.66,0.01,1,142000,4,97910
2017-02-10,0.66,0.67,0.67,0.65,0.01,1,102000,4,67590
2017-02-13,0.74,0.73,0.76,0.73,0.06,1,200000,7,150340
2017-02-14,0.74,0.67,0.74,0.67,-0.06,-1,141000,6,99350
2017-02-15,0.65,0.64,0.65,0.64,-0.03,-1,107000,2,68550
2017-02-16,0.66,0.64,0.67,0.64,0.0,0,163000,3,106330
2017-02-17,0.64,0.64,0.65,0.61,0.0,0,157000,4,100590
2017-02-18,0.7,0.69,0.7,0.69,0.05,1,481000,6,334700
2017-02-20,0.68,0.69,0.7,0.68,0.0,0,245000,4,170280
2017-02-21,0.65,0.6,0.65,0.6,-0.09,-1,137000,6,82500
2017-02-22,0.6,0.6,0.6,0.6,0.0,0,34000,2,20400
2017-02-23,0.63,0.6,0.63,0.6,0.0,0,31000,2,19230
2017-02-24,0.61,0.6,0.61,0.6,0.0,0,45000,2,27240
2017-03-01,0.58,0.54,0.58,0.54,-0.06,-1,34000,2,19320
2017-03-03,0.57,0.57,0.57,0.57,0.05,1,67000,1,38190
2017-03-06,0.56,0.58,0.58,0.56,0.01,1,239000,5,136340
2017-03-07,0.57,0.62,0.65,0.57,0.04,1,613000,11,377050
2017-03-08,0.63,0.68,0.72,0.63,0.06,1,1164000,25,786560
2017-03-09,0.67,0.62,0.68,0.62,-0.06,-1,915000,20,602690
2017-03-10,0.63,0.58,0.65,0.57,-0.04,-1,146000,5,85120
2017-03-13,0.62,0.6,0.62,0.6,0.02,1,70000,2,42400
2017-03-14,0.55,0.56,0.56,0.55,-0.04,-1,163000,4,90530
2017-03-15,0.6,0.56,0.6,0.56,0.0,0,167000,6,98420
2017-03-16,0.54,0.49,0.55,0.49,-0.07,-1,479000,13,243150
2017-03-17,0.5,0.49,0.5,0.49,0.0,0,135000,5,66500
2017-03-20,0.48,0.48,0.48,0.48,-0.01,-1,184000,3,88320
2017-03-23,0.51,0.46,0.51,0.46,0.0,0,106000,3,50930
2017-03-24,0.46,0.44,0.46,0.44,-0.02,-1,96000,2,43700
2017-03-28,0.37,0.42,0.42,0.37,0.03,1,30000,2,11600
2017-04-05,0.45,0.48,0.48,0.45,0.06,1,434000,4,200280
2017-04-06,0.51,0.67,0.7,0.51,0.19,1,1412000,27,848040
2017-04-07,0.65,0.61,0.67,0.56,-0.06,-1,1433000,21,878460
2017-04-10,0.6,0.78,0.91,0.6,0.17,1,2907000,56,2197040
2017-04-11,0.8,0.68,0.85,0.67,-0.1,-1,2406000,84,1815350
2017-04-12,0.7,0.89,1.01,0.55,0.21,1,2520000,65,1859090
2017-04-13,0.84,0.71,0.89,0.71,-0.18,-1,1219000,76,942050
2017-04-14,0.63,0.53,0.69,0.49,-0.18,-1,3363000,71,1822640
2017-04-17,0.51,0.53,0.57,0.46,0.0,0,2061000,40,1144460
2017-04-18,0.57,0.53,0.59,0.49,0.0,0,887000,23,479190
2017-04-19,0.54,0.58,0.63,0.52,0.05,1,822000,32,455460
2017-04-20,0.59,0.58,0.67,0.58,0.0,0,1538000,34,971180
2017-04-21,0.63,0.6,0.63,0.59,0.02,1,803000,12,487680
2017-04-24,0.59,0.54,0.59,0.52,-0.06,-1,144000,10,79210
2017-04-25,0.55,0.55,0.55,0.5,0.01,1,83000,4,43900
2017-04-26,0.62,0.53,0.62,0.53,-0.02,-1,27000,8,15120
2017-04-27,0.51,0.49,0.51,0.49,-0.04,-1,134000,9,66140
2017-04-28,0.49,0.49,0.5,0.49,0.0,0,158000,3,77720
2017-05-02,0.47,0.38,0.47,0.35,-0.11,-1,397000,16,163920
2017-05-03,0.35,0.36,0.39,0.35,-0.02,-1,175000,6,63950
2017-05-04,0.33,0.44,0.45,0.33,0.08,1,261000,8,108540
2017-05-05,0.44,0.59,0.65,0.44,0.15,1,406000,11,223230
2017-05-08,0.57,0.63,0.64,0.51,0.04,1,176000,6,97950
2017-05-09,0.63,0.53,0.68,0.51,-0.1,-1,150000,10,85070
2017-05-10,0.53,0.64,0.64,0.53,0.11,1,369000,15,221360
2017-05-11,0.57,0.52,0.57,0.5,-0.12,-1,738000,16,395290
2017-05-12,0.47,0.45,0.47,0.45,-0.07,-1,185000,4,85750
2017-05-15,0.41,0.37,0.41,0.37,-0.08,-1,45000,3,16950
2017-05-16,0.34,0.33,0.34,0.32,-0.04,-1,345000,5,114600
2017-05-17,0.3,0.3,0.3,0.3,-0.03,-1,20000,1,6000
2017-05-18,0.27,0.3,0.3,0.27,0.0,0,17000,3,4820
