date,OP,CP,HP,LP,DF,RD,TV,TC,TO
2016-12-23,1.05,1.08,1.08,1.05,0.12,1,689000,4,731890
2016-12-26,0.97,0.93,0.97,0.93,-0.15,-1,62000,3,58040
2016-12-27,0.91,0.91,0.91,0.91,-0.02,-1,2000,1,1820
2016-12-28,1.03,1.06,1.06,1.03,0.15,1,98000,2,102440
2016-12-29,1.01,1.01,1.06,1.0,-0.05,-1,260000,5,264950
2016-12-30,1.08,1.03,1.08,1.03,0.02,1,884000,9,944650
2017-01-03,1.08,1.08,1.1,1.06,0.05,1,119000,5,128480
2017-01-04,1.11,1.24,1.32,1.11,0.16,1,1021000,14,1173650
2017-01-05,1.21,1.23,1.25,1.17,-0.01,-1,958000,35,1154680
2017-01-06,1.27,1.2,1.28,1.2,-0.03,-1,45000,4,57000
2017-01-09,1.11,1.07,1.11,1.07,-0.13,-1,14000,3,15060
2017-01-10,1.09,1.08,1.15,1.08,0.01,1,254000,10,281650
2017-01-11,1.01,0.99,1.02,0.97,-0.09,-1,272000,10,269700
2017-01-12,1.06,1.11,1.15,1.06,0.12,1,235000,9,260830
2017-01-13,1.15,1.18,1.23,1.15,0.07,1,432000,13,506430
2017-01-16,1.14,1.07,1.14,1.07,-0.11,-1,236000,5,259690
2017-01-17,1.1,1.06,1.1,1.05,-0.01,-1,49000,4,52660
2017-01-18,1.1,1.08,1.12,1.05,0.02,1,442000,11,480470
2017-01-19,0.99,1.03,1.05,0.99,-0.05,-1,462000,11,474640
2017-01-20,1.03,1.01,1.05,1.0,-0.02,-1,583000,14,603320
2017-01-23,1.04,1.02,1.04,1.02,0.01,1,25000,3,25800
2017-01-24,0.97,0.93,0.97,0.93,-0.09,-1,478000,2,463260
2017-02-02,0.97,0.97,0.97,0.97,0.04,1,5000,1,4850
2017-02-03,0.94,0.94,0.94,0.94,-0.03,-1,3000,1,2820
2017-02-06,0.87,0.87,0.87,0.87,-0.07,-1,60000,1,52200
2017-02-09,0.9,0.99,0.99,0.9,0.1,1,346000,7,322310
2017-02-10,1.02,1.06,1.07,1.02,0.07,1,448000,16,473820
2017-02-13,0.98,0.97,0.98,0.95,-0.09,-1,79000,5,77050
2017-02-14,0.96,1.02,1.02,0.96,0.05,1,361000,8,364100
2017-02-15,0.97,0.96,0.98,0.96,-0.06,-1,331000,6,323040
2017-02-16,0.95,0.95,0.95,0.95,-0.01,-1,10000,1,9500
2017-02-17,0.98,1.02,1.02,0.98,0.07,1,101000,5,100180
2017-02-18,1.03,1.39,1.41,1.0,0.37,1,1096000,59,1252620
2017-02-20,1.5,1.47,1.62,1.44,0.08,1,968000,57,1496060
2017-02-21,1.49,1.3,1.52,1.29,-0.17,-1,474000,17,661210
2017-02-22,1.34,1.51,1.7,1.29,0.21,1,448000,18,655550
2017-02-23,1.56,1.53,1.78,1.53,0.02,1,679000,54,1097090
2017-02-24,1.44,1.46,1.59,1.44,-0.07,-1,270000,20,408660
2017-03-01,1.44,1.36,1.47,1.35,-0.1,-1,244000,11,335980
2017-03-02,1.39,1.28,1.45,1.28,-0.08,-1,382000,22,539550
2017-03-03,1.28,1.26,1.28,1.22,-0.02,-1,125000,12,154260
2017-03-06,1.24,1.25,1.26,1.21,-0.01,-1,75000,8,92270
2017-03-07,1.22,1.25,1.25,1.22,0.0,0,48000,5,59500
2017-03-08,1.28,1.28,1.28,1.28,0.03,1,28000,3,35840
2017-03-09,1.22,1.41,1.5,1.22,0.13,1,128000,14,175320
2017-03-10,1.48,1.38,1.48,1.38,-0.03,-1,112000,12,161840
2017-03-13,1.34,1.32,1.34,1.32,-0.06,-1,12000,2,16040
2017-03-14,1.36,1.49,1.53,1.33,0.17,1,189000,19,273620
2017-03-15,1.49,1.41,1.49,1.4,-0.08,-1,62000,9,89670
2017-03-16,1.46,1.44,1.51,1.42,0.03,1,87000,6,126480
2017-03-17,1.42,1.35,1.42,1.35,-0.09,-1,85000,8,118900
2017-03-20,1.36,1.39,1.51,1.35,0.04,1,127000,13,180230
2017-03-21,1.37,1.2,1.38,1.2,-0.19,-1,215000,20,287020
2017-03-22,1.13,1.15,1.16,1.11,-0.05,-1,204000,5,232040
2017-03-23,1.15,1.24,1.24,1.15,0.09,1,210000,13,250000
2017-03-24,1.1,1.02,1.1,1.02,-0.22,-1,146000,6,155320
2017-03-27,0.95,0.9,1.0,0.9,-0.12,-1,191000,4,177300
2017-03-28,0.9,0.72,0.9,0.68,-0.18,-1,236000,5,186770
2017-03-29,0.73,0.72,0.73,0.72,0.0,0,198000,2,143550
2017-03-30,0.69,0.71,0.72,0.69,-0.01,-1,214000,5,151060
2017-03-31,0.75,0.76,0.76,0.75,0.05,1,198000,2,149490
2017-04-05,0.74,0.81,0.83,0.74,0.05,1,475000,8,380730
2017-04-06,0.8,0.82,0.86,0.8,0.01,1,326000,4,277000
2017-04-07,0.73,0.76,0.76,0.73,-0.06,-1,120000,2,89400
2017-04-10,0.76,0.84,0.84,0.75,0.08,1,140000,5,107700
2017-04-11,0.83,0.63,0.83,0.63,-0.21,-1,266000,6,203930
2017-04-12,0.61,0.64,0.64,0.61,0.01,1,231000,3,146040
2017-04-13,0.61,0.51,0.61,0.51,-0.13,-1,120000,4,67200
2017-04-14,0.44,0.44,0.44,0.44,-0.07,-1,60000,1,26400
2017-04-17,0.44,0.37,0.44,0.37,-0.07,-1,240000,3,93000
2017-04-19,0.37,0.37,0.37,0.37,-0.02,-1,120000,1,44400
2017-04-26,0.44,0.44,0.44,0.44,0.1,1,10000,1,4400
2017-04-27,0.43,0.43,0.43,0.43,-0.01,-1,10000,1,4300
2017-04-28,0.44,0.44,0.44,0.44,0.01,1,20000,2,8800
2017-05-02,0.6,0.64,0.64,0.59,0.2,1,554000,7,329560
2017-05-03,0.57,0.55,0.57,0.54,-0.09,-1,484000,7,268880
2017-05-08,0.4,0.4,0.4,0.4,-0.02,-1,50000,1,20000
