date,OP,CP,HP,LP,DF,RD,TV,TC,TO
2016-12-27,0.88,0.88,0.89,0.88,-0.02,-1,252000,5,221960
2016-12-28,0.87,0.9,0.91,0.87,0.02,1,344000,11,303100
2016-12-29,0.87,0.87,0.87,0.87,-0.03,-1,92000,1,80040
2016-12-30,0.9,0.9,0.9,0.9,0.03,1,2000,1,1800
2017-01-06,0.9,0.95,0.95,0.9,0.07,1,105000,4,97930
2017-01-09,0.98,0.97,0.99,0.97,0.02,1,109000,4,106870
2017-01-10,0.88,0.85,0.88,0.85,-0.12,-1,11000,2,9620
2017-01-12,0.83,0.83,0.83,0.83,-0.02,-1,10000,1,8300
2017-02-07,0.78,0.78,0.78,0.78,-0.01,-1,30000,2,23400
2017-02-09,0.68,0.68,0.68,0.68,-0.06,-1,20000,1,13600
2017-02-10,0.67,0.67,0.67,0.67,-0.01,-1,29000,1,19430
2017-02-13,0.69,0.86,0.86,0.69,0.19,1,513000,29,421000
2017-02-14,0.91,1.06,1.12,0.88,0.2,1,1856000,73,1841660
2017-02-15,1.02,1.02,1.05,1.0,-0.04,-1,1859000,48,1886270
2017-02-16,0.96,0.95,0.96,0.91,-0.07,-1,121000,16,113110
2017-02-17,0.91,0.87,0.91,0.84,-0.08,-1,334000,14,297630
2017-02-18,0.88,0.91,0.91,0.88,0.04,1,584000,20,524650
2017-02-20,0.97,0.88,0.97,0.88,-0.03,-1,659000,21,623870
2017-02-21,0.87,0.82,0.87,0.82,-0.06,-1,476000,11,396420
2017-02-22,0.81,0.8,0.81,0.79,-0.02,-1,197000,6,159120
2017-02-23,0.8,0.79,0.8,0.78,-0.01,-1,538000,19,427000
2017-02-24,0.82,0.8,0.84,0.8,0.01,1,1214000,21,1008040
2017-03-01,0.76,0.8,0.8,0.76,0.0,0,278000,7,219650
2017-03-02,0.79,0.73,0.79,0.73,-0.07,-1,351000,6,258290
2017-03-03,0.71,0.71,0.71,0.71,-0.02,-1,10000,1,7100
2017-03-06,0.71,0.71,0.71,0.71,0.0,0,10000,1,7100
2017-03-07,0.71,0.75,0.75,0.7,0.04,1,511000,22,373240
2017-03-08,0.77,0.82,0.84,0.73,0.07,1,1185000,46,928800
2017-03-09,0.76,0.77,0.8,0.76,-0.05,-1,512000,14,397660
2017-03-10,0.75,0.72,0.75,0.69,-0.05,-1,380000,11,276820
2017-03-13,0.74,0.75,0.77,0.74,0.03,1,80000,6,60840
2017-03-14,0.74,0.72,0.74,0.72,-0.03,-1,204000,9,150040
2017-03-15,0.72,0.72,0.72,0.72,0.0,0,1000,1,720
2017-03-16,0.73,0.85,0.87,0.73,0.13,1,1524000,60,1237430
2017-03-17,0.85,0.88,1.2,0.85,0.03,1,1892000,78,1773640
2017-03-20,0.83,0.8,0.83,0.79,-0.08,-1,653000,26,532330
2017-03-21,0.8,0.84,0.87,0.77,0.04,1,180000,18,146070
2017-03-22,0.74,0.77,0.78,0.74,-0.07,-1,351000,10,269820
2017-03-23,0.79,0.76,0.81,0.76,-0.01,-1,280000,11,222350
2017-03-24,0.73,0.73,0.73,0.73,-0.03,-1,140000,4,102200
2017-03-27,0.7,0.66,0.7,0.65,-0.07,-1,150000,6,100200
2017-03-28,0.67,0.59,0.67,0.58,-0.07,-1,289000,10,181420
2017-03-29,0.62,0.62,0.62,0.62,0.03,1,10000,1,6200
2017-03-30,0.62,0.65,0.67,0.62,0.03,1,12000,3,7840
2017-04-05,0.62,0.64,0.64,0.62,0.01,1,44000,3,27710
2017-04-06,0.63,0.62,0.63,0.62,-0.02,-1,75000,5,46800
2017-04-07,0.7,0.69,0.74,0.67,0.07,1,699000,24,485950
2017-04-10,0.72,0.76,0.8,0.72,0.07,1,1415000,33,1102830
2017-04-11,0.74,0.71,0.78,0.71,-0.05,-1,762000,24,550900
2017-04-12,0.73,0.69,0.75,0.66,-0.02,-1,539000,19,373080
2017-04-13,0.68,0.64,0.68,0.62,-0.05,-1,711000,13,456990
2017-04-14,0.63,0.6,0.65,0.6,-0.04,-1,545000,11,344400
2017-04-17,0.54,0.57,0.57,0.53,-0.03,-1,575000,11,317700
2017-04-18,0.56,0.56,0.56,0.56,-0.01,-1,650000,6,364000
2017-04-19,0.56,0.57,0.57,0.56,0.01,1,314000,5,178040
2017-04-20,0.62,0.58,0.66,0.58,0.01,1,1440000,26,900340
2017-04-21,0.6,0.64,0.66,0.59,0.06,1,1542000,37,951960
2017-04-24,0.65,0.58,0.66,0.58,-0.06,-1,607000,17,371660
2017-04-25,0.55,0.55,0.58,0.55,-0.03,-1,421000,11,232000
2017-04-26,0.57,0.57,0.57,0.54,0.02,1,539000,11,299690
2017-04-27,0.53,0.52,0.53,0.51,-0.05,-1,482000,9,250670
2017-04-28,0.5,0.5,0.51,0.5,-0.02,-1,103000,5,51900
2017-05-02,0.53,0.55,0.55,0.52,0.05,1,110000,7,58500
2017-05-03,0.61,0.53,0.61,0.52,-0.02,-1,959000,35,546580
2017-05-04,0.5,0.52,0.52,0.5,-0.01,-1,93000,5,47310
2017-05-05,0.57,0.56,0.59,0.54,0.04,1,980000,23,558480
2017-05-08,0.59,0.58,0.62,0.58,0.02,1,781000,30,470060
2017-05-09,0.49,0.39,0.5,0.33,-0.19,-1,1351000,40,572850
2017-05-10,0.41,0.4,0.41,0.4,0.01,1,131000,10,52850
2017-05-11,0.41,0.41,0.41,0.4,0.01,1,98000,4,40080
2017-05-12,0.39,0.39,0.4,0.38,-0.02,-1,65000,6,25450
2017-05-15,0.37,0.38,0.38,0.37,-0.01,-1,408000,6,153610
2017-05-16,0.37,0.34,0.38,0.34,-0.04,-1,105000,9,37900
2017-05-17,0.32,0.32,0.32,0.32,-0.02,-1,444000,1,142080
2017-05-25,0.35,0.35,0.35,0.35,0.02,1,65000,2,22750
2017-05-26,0.3,0.3,0.3,0.3,-0.05,-1,50000,1,15000
2017-05-31,0.35,0.38,0.4,0.33,0.08,1,462000,21,168170
2017-06-01,0.38,0.32,0.4,0.32,-0.06,-1,477000,14,183510
2017-06-02,0.3,0.3,0.3,0.3,-0.02,-1,205000,9,61500
2017-06-03,0.31,0.31,0.31,0.31,0.01,1,30000,1,9300
2017-06-05,0.33,0.29,0.33,0.29,-0.02,-1,70000,3,21300
