date,OP,CP,HP,LP,DF,RD,TV,TC,TO
2017-01-10,1.39,1.4,1.42,1.36,0.15,1,394000,22,546990
2017-01-11,1.4,1.29,1.42,1.23,-0.11,-1,658000,22,888940
2017-01-12,1.31,1.26,1.33,1.26,-0.03,-1,217000,18,281850
2017-01-13,1.24,1.21,1.24,1.21,-0.05,-1,48000,8,58510
2017-01-16,1.28,1.39,1.46,1.28,0.18,1,918000,28,1275200
2017-01-17,1.4,1.41,1.51,1.39,0.02,1,1147000,32,1659860
2017-01-18,1.4,1.29,1.4,1.29,-0.12,-1,267000,19,358690
2017-01-19,1.33,1.33,1.36,1.32,0.04,1,142000,29,190020
2017-01-20,1.27,1.3,1.3,1.26,-0.03,-1,270000,4,340820
2017-01-23,1.32,1.48,1.49,1.32,0.18,1,873000,24,1274130
2017-01-24,1.53,1.35,1.57,1.35,-0.13,-1,811000,24,1211390
2017-02-02,1.31,1.33,1.33,1.31,-0.02,-1,63000,2,83330
2017-02-03,1.27,1.31,1.33,1.27,-0.02,-1,81000,4,106510
2017-02-06,1.35,1.53,1.61,1.35,0.22,1,704000,24,1083060
2017-02-07,1.48,1.49,1.59,1.45,-0.04,-1,567000,28,863150
2017-02-08,1.57,1.56,1.58,1.54,0.07,1,384000,8,602720
2017-02-09,1.44,1.41,1.44,1.41,-0.15,-1,150000,3,215700
2017-02-10,1.41,1.41,1.41,1.41,0.0,0,10000,2,14100
2017-02-13,1.44,1.4,1.5,1.4,-0.01,-1,24000,3,35000
2017-02-14,1.48,1.44,1.48,1.44,0.04,1,25000,3,36550
2017-02-15,1.39,1.39,1.39,1.39,-0.05,-1,10000,1,13900
2017-02-16,1.42,1.42,1.42,1.42,0.03,1,10000,1,14200
2017-02-17,1.42,1.51,1.51,1.42,0.09,1,622000,10,909480
2017-02-18,1.52,1.43,1.52,1.43,-0.08,-1,714000,13,1061920
2017-02-22,1.24,1.25,1.25,1.22,-0.01,-1,110000,3,135500
2017-02-23,1.23,1.23,1.23,1.23,-0.02,-1,20000,1,24600
2017-03-02,1.2,1.22,1.22,1.2,0.05,1,530000,9,638600
2017-03-03,1.19,1.26,1.28,1.19,0.04,1,530000,9,664500
2017-03-08,1.22,1.24,1.24,1.22,0.02,1,106000,2,129440
2017-03-09,1.18,1.18,1.18,1.18,-0.06,-1,100000,1,118000
2017-03-10,1.23,1.29,1.29,1.23,0.11,1,323000,6,410610
2017-03-13,1.3,1.38,1.39,1.3,0.09,1,695000,13,943320
2017-03-14,1.42,1.41,1.46,1.41,0.03,1,396000,15,567930
2017-03-15,1.43,1.44,1.49,1.4,0.03,1,429000,18,623270
2017-03-16,1.51,1.86,1.86,1.51,0.42,1,1973000,54,3188450
2017-03-17,1.83,1.72,1.83,1.63,-0.14,-1,860000,31,1514290
2017-03-20,1.61,1.52,1.61,1.5,-0.2,-1,167000,10,254360
2017-03-22,1.19,1.18,1.22,1.17,-0.21,-1,915000,13,1096840
2017-03-23,1.23,1.17,1.24,1.17,-0.01,-1,165000,5,197150
2017-03-24,1.13,1.14,1.14,1.13,-0.03,-1,210000,3,238300
2017-03-27,1.12,1.12,1.12,1.12,-0.02,-1,50000,1,56000
2017-03-28,1.11,0.97,1.15,0.97,-0.15,-1,250000,5,266770
2017-03-29,0.96,0.86,0.96,0.79,-0.11,-1,587000,6,495520
2017-03-30,0.95,1.03,1.11,0.95,0.17,1,731000,15,760720
2017-03-31,1.05,1.03,1.05,1.02,0.0,0,87000,4,90510
2017-04-05,1.03,1.08,1.09,1.02,0.05,1,420000,8,448500
2017-04-06,1.1,1.07,1.1,1.03,-0.01,-1,915000,17,970900
2017-04-07,1.07,1.26,1.35,1.03,0.19,1,2571000,43,2994510
2017-04-10,1.27,1.23,1.27,1.2,-0.03,-1,255000,9,320100
2017-04-11,1.08,1.08,1.08,1.08,-0.15,-1,7000,3,7560
2017-04-12,1.07,1.03,1.07,1.03,-0.05,-1,420000,2,449000
2017-04-13,0.99,0.99,0.99,0.99,-0.04,-1,2000,1,1980
2017-04-14,0.95,0.95,0.95,0.95,-0.04,-1,20000,1,19000
2017-04-17,0.95,0.95,0.95,0.95,0.0,0,10000,1,9500
2017-04-18,1.0,1.14,1.2,1.0,0.19,1,543000,46,619630
2017-04-19,1.23,1.27,1.38,1.22,0.13,1,950000,53,1241800
2017-04-20,1.39,1.36,1.47,1.33,0.09,1,790000,22,1085090
2017-04-21,1.36,1.35,1.36,1.31,-0.01,-1,40000,4,53690
2017-04-24,1.39,1.41,1.41,1.39,0.06,1,8000,2,11220
2017-04-25,1.31,1.28,1.34,1.28,-0.13,-1,338000,6,440880
2017-04-26,1.31,1.37,1.38,1.31,0.09,1,208000,7,278440
2017-04-27,1.42,1.38,1.42,1.38,0.01,1,113000,5,158490
2017-04-28,1.26,1.26,1.26,1.26,-0.12,-1,105000,2,132300
2017-05-03,1.18,1.18,1.18,1.18,-0.08,-1,10000,1,11800
2017-05-04,1.15,1.1,1.15,1.1,-0.08,-1,48000,2,53150
2017-05-05,1.23,1.29,1.29,1.23,0.19,1,175000,20,221160
2017-05-08,1.25,1.36,1.36,1.25,0.07,1,160000,5,206300
2017-05-09,1.22,1.22,1.22,1.22,-0.14,-1,2000,1,2440
2017-05-10,1.14,1.29,1.29,1.1,0.07,1,88000,11,106560
2017-05-11,1.28,1.32,1.32,1.28,0.03,1,68000,5,88400
2017-05-12,1.34,1.26,1.36,1.26,-0.06,-1,20000,3,26500
