date,OP,CP,HP,LP,DF,RD,TV,TC,TO
2017-04-11,1.13,1.12,1.16,1.12,-0.04,-1,260000,3,296150
2017-04-12,1.05,1.01,1.05,1.01,-0.11,-1,270000,4,281080
2017-04-14,1.07,1.07,1.07,1.07,0.06,1,62000,1,66340
2017-04-17,1.05,1.05,1.05,1.05,-0.02,-1,62000,1,65100
2017-04-18,1.02,1.23,1.23,1.02,0.18,1,1002000,15,1165480
2017-04-19,1.2,1.18,1.32,1.13,-0.05,-1,1230000,15,1502700
2017-04-20,1.21,1.15,1.21,1.15,-0.03,-1,231000,24,271600
2017-04-21,1.11,1.03,1.11,1.03,-0.12,-1,60000,3,62600
2017-04-24,0.97,0.95,0.97,0.95,-0.08,-1,61000,4,58550
2017-04-25,0.94,0.94,0.94,0.94,-0.01,-1,80000,1,75200
2017-04-26,0.97,1.05,1.05,0.96,0.11,1,80000,6,82100
2017-05-02,1.11,1.11,1.11,1.11,0.06,1,50000,1,55500
2017-05-03,1.14,1.14,1.16,1.14,0.03,1,152000,4,173920
2017-05-04,1.04,1.33,1.33,1.04,0.19,1,597000,13,677890
2017-05-05,1.27,1.27,1.27,1.14,-0.06,-1,595000,53,727470
2017-05-08,1.0,1.0,1.0,1.0,-0.27,-1,10000,1,10000
2017-05-09,0.99,1.06,1.12,0.99,0.06,1,340000,9,354500
