date,OP,CP,HP,LP,DF,RD,TV,TC,TO
2017-04-14,1.11,1.08,1.11,1.08,-0.01,-1,104000,3,115330
2017-04-17,1.04,0.92,1.04,0.92,-0.16,-1,119000,4,118960
2017-04-20,0.97,0.88,1.0,0.88,-0.08,-1,573000,14,553760
2017-04-21,0.83,0.84,0.9,0.83,-0.04,-1,1023000,17,885450
2017-04-24,0.84,0.85,0.88,0.84,0.01,1,455000,8,391790
2017-04-25,0.85,1.0,1.0,0.82,0.15,1,758000,12,671680
2017-04-26,1.08,1.26,1.35,1.05,0.26,1,1094000,25,1232780
2017-04-27,1.3,1.2,1.3,1.2,-0.06,-1,417000,18,526830
2017-04-28,1.29,1.22,1.29,1.22,0.02,1,22000,5,27790
2017-05-02,1.27,1.51,1.51,1.27,0.29,1,212000,8,302800
2017-05-03,1.48,1.45,1.48,1.38,-0.06,-1,297000,16,431600
2017-05-04,1.55,1.4,1.56,1.4,-0.05,-1,130000,17,200740
2017-05-05,1.51,1.41,1.51,1.41,0.01,1,20000,5,29280
2017-05-08,1.38,1.15,1.38,1.15,-0.26,-1,13000,8,16330
2017-05-09,1.2,1.1,1.2,0.97,-0.05,-1,17000,6,18640
2017-05-10,1.12,1.25,1.25,1.12,0.15,1,133000,4,161660
2017-05-11,1.3,1.33,1.35,1.3,0.08,1,190000,7,251920
2017-05-12,1.31,1.37,1.37,1.3,0.04,1,205000,8,272410
2017-05-15,1.27,1.39,1.39,1.27,0.02,1,380000,11,508150
2017-05-16,1.43,1.39,1.43,1.37,0.0,0,308000,11,432050
2017-05-18,1.23,1.23,1.23,1.23,-0.08,-1,10000,1,12300
2017-05-19,1.46,1.52,1.55,1.46,0.29,1,172000,9,254590
2017-05-22,1.48,1.46,1.48,1.46,-0.06,-1,142000,8,210080
2017-05-23,1.67,1.77,1.78,1.67,0.31,1,243000,14,416660
2017-05-24,1.79,1.77,1.79,1.76,0.0,0,256000,9,455400
2017-05-25,1.79,1.78,1.82,1.75,0.01,1,135000,6,239340
2017-05-26,1.78,1.72,1.78,1.72,-0.06,-1,102000,4,181200
