date,OP,CP,HP,LP,DF,RD,TV,TC,TO
2016-10-07,2.07,2.07,2.07,2.07,-0.17,-1,9000,1,18630
2016-10-11,2.12,2.12,2.12,2.12,0.05,1,40000,1,84800
2016-10-12,2.19,2.18,2.19,2.18,0.06,1,40000,2,87400
2016-10-13,2.22,2.22,2.22,2.22,0.04,1,9000,1,19980
2016-10-14,2.3,2.42,2.42,2.3,0.2,1,60000,2,138960
2016-10-17,2.43,2.49,2.49,2.43,0.07,1,52000,3,127080
2016-10-20,2.32,2.43,2.46,2.32,0.08,1,127000,6,306220
2016-10-21,2.44,2.46,2.49,2.39,0.03,1,136000,6,328820
2016-10-24,2.41,2.39,2.41,2.39,-0.07,-1,51000,2,122290
2016-10-26,2.49,2.61,2.61,2.49,0.17,1,59000,9,149420
2016-10-27,2.66,2.66,2.76,2.66,0.05,1,115000,13,312620
2016-10-28,2.65,2.75,2.75,2.64,0.09,1,259000,11,699800
2016-10-31,2.81,2.71,2.81,2.7,-0.04,-1,31000,4,85780
2016-11-01,2.73,2.73,2.73,2.73,0.02,1,64000,1,174720
2016-11-02,2.89,3.2,3.2,2.87,0.47,1,92000,15,272520
2016-11-03,3.28,3.21,3.28,3.17,0.01,1,33000,5,107510
2016-11-04,3.12,3.13,3.13,3.12,-0.08,-1,131000,5,408770
2016-11-09,3.3,3.3,3.3,3.3,0.15,1,3000,1,9900
2016-11-10,2.95,2.95,2.95,2.95,-0.35,-1,3000,1,8850
2016-11-11,3.01,3.02,3.02,3.01,0.07,1,34000,2,102510
2016-11-14,2.97,2.95,2.97,2.95,-0.07,-1,34000,2,100700
2016-11-15,3.01,3.04,3.04,3.01,0.09,1,59000,3,178030
2016-11-16,2.97,3.0,3.0,2.97,-0.04,-1,59000,4,175540
2016-11-18,2.96,2.96,2.96,2.96,0.02,1,3000,1,8880
2016-11-21,2.96,3.01,3.01,2.96,0.05,1,8000,2,23880
2016-11-22,2.97,2.7,2.97,2.7,-0.31,-1,20000,5,55800
2016-11-23,2.4,2.57,2.57,2.4,-0.13,-1,5000,3,12510
2016-11-24,2.6,2.62,2.62,2.59,0.05,1,155000,6,405000
2016-11-25,2.51,2.44,2.51,2.29,-0.18,-1,195000,17,472310
2016-11-28,2.26,2.28,2.34,2.26,-0.16,-1,307000,13,702070
2016-11-29,2.25,2.29,2.38,2.25,0.01,1,573000,23,1333370
2016-11-30,2.13,2.11,2.14,2.05,-0.18,-1,328000,14,696960
2016-12-01,2.1,2.13,2.14,2.07,0.02,1,182000,11,386300
2016-12-02,2.09,2.11,2.12,2.07,-0.02,-1,141000,14,295570
2016-12-05,1.99,1.82,1.99,1.8,-0.29,-1,137000,18,250650
2016-12-06,1.82,1.85,1.85,1.76,0.03,1,331000,13,595980
2016-12-07,1.76,1.71,1.76,1.68,-0.14,-1,242000,15,412700
2016-12-08,1.67,1.72,1.73,1.67,0.01,1,183000,9,314290
2016-12-09,1.65,1.82,1.82,1.65,0.1,1,205000,10,350340
2016-12-12,1.79,1.81,1.81,1.73,-0.01,-1,74000,10,130330
2016-12-13,1.83,1.88,1.93,1.83,0.07,1,419000,18,790330
2016-12-14,1.82,1.75,1.87,1.74,-0.13,-1,338000,14,619760
2016-12-15,1.68,1.68,1.7,1.64,-0.07,-1,27000,8,45010
2016-12-16,1.7,1.7,1.7,1.68,0.02,1,26000,4,44000
2016-12-19,1.67,1.64,1.67,1.61,-0.06,-1,52000,7,84910
2016-12-20,1.7,1.7,1.7,1.68,0.06,1,101000,8,171540
2016-12-21,1.65,1.86,1.9,1.64,0.16,1,913000,39,1620330
2016-12-22,1.85,1.79,1.99,1.79,-0.07,-1,1072000,50,2040400
2016-12-23,1.74,1.84,1.84,1.72,0.05,1,261000,22,459670
2016-12-26,1.92,1.91,1.93,1.9,0.07,1,114000,11,218460
2016-12-27,1.89,1.92,1.97,1.89,0.01,1,184000,13,356710
2016-12-28,1.9,1.83,1.9,1.81,-0.09,-1,153000,12,283800
2016-12-29,1.88,1.88,1.88,1.88,0.05,1,20000,2,37600
2016-12-30,1.8,1.88,1.88,1.8,0.0,0,45000,2,82600
2017-01-03,1.88,1.86,1.88,1.86,-0.02,-1,175000,6,327560
2017-01-05,1.75,1.76,1.76,1.75,-0.01,-1,50000,3,87900
2017-01-06,1.78,1.79,1.79,1.73,0.03,1,111000,8,196300
2017-01-09,1.74,1.82,1.82,1.73,0.03,1,268000,12,478180
2017-01-10,1.85,1.92,1.94,1.84,0.1,1,784000,23,1493470
2017-01-11,1.92,1.93,1.93,1.89,0.01,1,663000,18,1267520
2017-01-12,1.94,1.88,1.94,1.88,-0.05,-1,237000,10,450000
2017-01-13,1.86,1.86,1.86,1.86,-0.02,-1,20000,1,37200
2017-01-16,1.66,1.68,1.68,1.65,-0.18,-1,23000,6,38280
2017-01-18,1.65,1.6,1.65,1.6,-0.11,-1,105000,3,170200
2017-01-19,1.59,1.67,1.67,1.59,0.07,1,41000,4,65790
2017-01-20,1.65,1.7,1.71,1.65,0.03,1,192000,6,324200
2017-01-23,1.62,1.65,1.65,1.62,-0.05,-1,112000,5,183880
2017-01-24,1.58,1.6,1.6,1.58,-0.05,-1,32000,2,50600
2017-02-02,1.65,1.63,1.65,1.63,0.03,1,86000,3,141700
2017-02-03,1.62,1.62,1.62,1.62,-0.01,-1,76000,2,123120
2017-02-06,1.39,1.38,1.4,1.37,-0.24,-1,856000,9,1189390
2017-02-07,1.47,1.53,1.53,1.46,0.15,1,856000,16,1260410
2017-02-08,1.58,1.6,1.6,1.56,0.07,1,308000,11,487310
2017-02-09,1.52,1.55,1.55,1.51,-0.05,-1,374000,13,570390
2017-02-10,1.53,1.51,1.53,1.43,-0.04,-1,108000,8,162580
2017-02-13,1.47,1.41,1.47,1.41,-0.1,-1,51000,5,74010
2017-02-14,1.44,1.47,1.47,1.44,0.06,1,348000,8,504740
2017-02-15,1.47,1.45,1.49,1.45,-0.02,-1,724000,19,1065310
2017-02-16,1.43,1.52,1.52,1.43,0.07,1,327000,11,473280
2017-02-17,1.48,1.48,1.48,1.48,-0.04,-1,10000,1,14800
2017-02-18,1.4,1.43,1.43,1.4,-0.05,-1,36000,2,51450
2017-02-20,1.37,1.35,1.37,1.24,-0.08,-1,1220000,15,1524050
2017-02-21,1.37,1.39,1.4,1.37,0.04,1,815000,12,1138650
2017-02-22,1.37,1.38,1.38,1.37,-0.01,-1,50000,2,68900
2017-02-23,1.35,1.35,1.35,1.35,-0.03,-1,7000,1,9450
2017-02-24,1.36,1.4,1.4,1.36,0.05,1,407000,8,554520
2017-03-01,1.46,1.63,1.64,1.46,0.23,1,605000,26,927870
2017-03-02,1.53,1.91,1.91,1.53,0.28,1,1256000,38,2199620
2017-03-03,1.85,1.82,1.85,1.74,-0.09,-1,228000,13,403430
2017-03-06,1.79,1.77,1.79,1.74,-0.05,-1,421000,15,743470
2017-03-07,1.74,1.77,1.78,1.74,0.0,0,405000,9,714930
2017-03-08,1.76,1.82,1.85,1.76,0.05,1,381000,15,680750
2017-03-09,1.81,1.71,1.83,1.71,-0.11,-1,229000,10,414720
2017-03-10,1.78,1.85,1.85,1.78,0.14,1,176000,4,313350
2017-03-13,1.72,1.77,1.79,1.72,-0.08,-1,394000,10,698530
2017-03-14,1.74,1.82,1.84,1.72,0.05,1,480000,22,855780
2017-03-15,1.75,1.69,1.75,1.65,-0.13,-1,115000,6,194200
2017-03-16,1.69,1.67,1.69,1.65,-0.02,-1,75000,7,124550
2017-03-17,1.7,1.69,1.7,1.69,0.02,1,141000,5,238490
2017-03-20,1.64,1.61,1.64,1.6,-0.08,-1,188000,10,304800
2017-03-21,1.57,1.56,1.57,1.56,-0.05,-1,95000,3,148650
2017-03-23,1.59,1.5,1.61,1.5,-0.08,-1,276000,8,440150
2017-03-24,1.46,1.5,1.5,1.46,0.0,0,339000,9,502910
2017-03-27,1.38,1.46,1.46,1.35,-0.04,-1,244000,6,346800
2017-03-28,1.53,1.51,1.53,1.51,0.05,1,178000,5,269420
2017-03-29,1.57,1.45,1.58,1.45,-0.06,-1,179000,4,270760
2017-03-30,1.45,1.47,1.49,1.45,0.02,1,462000,10,678790
2017-03-31,1.43,1.46,1.46,1.38,-0.01,-1,391000,10,552080
2017-04-05,1.48,1.55,1.55,1.46,0.09,1,578000,13,871160
2017-04-06,1.51,1.52,1.52,1.46,-0.03,-1,565000,21,837540
2017-04-07,1.48,1.54,1.64,1.48,0.02,1,408000,16,626840
2017-04-10,1.48,1.35,1.48,1.35,-0.19,-1,423000,14,612120
2017-04-11,1.39,1.47,1.47,1.38,0.12,1,187000,12,261360
2017-04-12,1.45,1.41,1.54,1.41,-0.06,-1,787000,17,1172050
2017-04-13,1.39,1.4,1.4,1.3,-0.01,-1,767000,21,1040890
2017-04-14,1.35,1.42,1.42,1.35,0.02,1,100000,4,137630
2017-04-17,1.48,1.6,1.65,1.48,0.18,1,625000,24,949460
2017-04-18,1.45,1.5,1.5,1.45,-0.1,-1,555000,15,814420
2017-04-19,1.48,1.45,1.48,1.44,-0.05,-1,21000,4,30700
2017-04-20,1.41,1.41,1.41,1.41,-0.04,-1,3000,1,4230
2017-04-21,1.33,1.32,1.33,1.32,-0.09,-1,25000,3,33050
2017-04-24,1.35,1.38,1.38,1.35,0.06,1,45000,4,61200
2017-04-25,1.31,1.32,1.32,1.31,-0.06,-1,20000,2,26300
2017-04-27,1.26,1.25,1.28,1.25,-0.03,-1,37000,4,46750
2017-04-28,1.07,1.14,1.14,0.98,-0.11,-1,361000,16,386640
2017-05-02,1.14,1.18,1.18,1.13,0.04,1,294000,14,339420
2017-05-03,1.09,0.88,1.09,0.88,-0.3,-1,125000,10,129120
2017-05-04,0.8,0.83,0.85,0.79,-0.05,-1,366000,13,302800
2017-05-05,0.86,0.89,0.9,0.84,0.06,1,603000,15,529720
2017-05-08,0.85,0.83,0.85,0.77,-0.06,-1,242000,12,196290
2017-05-09,0.82,0.95,1.0,0.82,0.12,1,790000,24,712280
