date,OP,CP,HP,LP,DF,RD,TV,TC,TO
2016-11-03,1.42,1.43,1.43,1.42,0.06,1,25000,2,35650
2016-11-04,1.4,1.4,1.4,1.4,-0.03,-1,10000,1,14000
2016-11-07,1.44,1.44,1.44,1.44,0.04,1,30000,3,43200
2016-11-08,1.48,1.47,1.48,1.46,0.03,1,724000,10,1068400
2016-11-09,1.36,1.48,1.53,1.36,0.01,1,741000,9,1098520
2016-11-10,1.55,1.52,1.59,1.52,0.04,1,81000,6,126000
2016-11-11,1.58,1.59,1.68,1.58,0.07,1,834000,10,1378070
2016-11-14,1.5,1.54,1.54,1.49,-0.05,-1,721000,7,1075540
2016-11-15,1.56,1.55,1.58,1.54,0.01,1,33000,7,51350
2016-11-16,1.49,1.5,1.5,1.49,-0.05,-1,3000,2,4480
2016-11-17,1.56,1.59,1.63,1.56,0.09,1,1088000,15,1733190
2016-11-18,1.56,1.52,1.6,1.5,-0.07,-1,999000,12,1546530
2016-11-21,1.52,1.53,1.53,1.52,0.01,1,56000,2,85640
2016-11-22,1.49,1.48,1.49,1.45,-0.05,-1,191000,4,280130
2016-11-23,1.44,1.45,1.45,1.44,-0.03,-1,11000,2,15850
2016-11-24,1.36,1.4,1.4,1.36,-0.05,-1,31000,3,42200
2016-11-25,1.4,1.4,1.4,1.4,0.0,0,25000,2,35000
2016-11-28,1.36,1.38,1.38,1.36,-0.02,-1,6000,3,8180
2016-11-29,1.36,1.36,1.38,1.34,-0.02,-1,20000,4,27140
2016-11-30,1.35,1.38,1.38,1.33,0.02,1,10000,3,13390
2016-12-02,1.36,1.39,1.39,1.36,0.08,1,145000,5,197230
2016-12-05,1.35,1.4,1.4,1.35,0.01,1,334000,6,463880
2016-12-06,1.34,1.37,1.37,1.34,-0.03,-1,20000,2,27100
2016-12-09,1.32,1.32,1.32,1.32,0.03,1,1000,1,1320
2016-12-12,1.3,1.32,1.32,1.3,0.0,0,201000,2,261320
2016-12-13,1.34,1.34,1.34,1.34,0.02,1,252000,2,337680
2016-12-14,1.33,1.29,1.33,1.28,-0.05,-1,264000,4,339520
2016-12-15,1.31,1.32,1.32,1.31,0.03,1,17000,2,22280
2016-12-20,1.27,1.27,1.27,1.27,0.0,0,7000,1,8890
2016-12-22,1.26,1.29,1.29,1.24,0.05,1,704000,6,886780
2016-12-23,1.28,1.3,1.32,1.28,0.01,1,943000,10,1225600
2016-12-26,1.24,1.24,1.25,1.24,-0.06,-1,176000,7,219800
2016-12-28,1.16,1.16,1.16,1.16,-0.08,-1,33000,1,38280
2017-01-04,1.04,1.04,1.04,1.04,0.02,1,1000,1,1040
2017-01-05,1.02,1.03,1.03,1.01,-0.01,-1,202000,6,205300
2017-01-06,0.98,1.0,1.0,0.97,-0.03,-1,166000,8,162800
2017-01-09,1.13,1.33,1.33,1.13,0.33,1,4505000,65,5646960
2017-01-10,1.33,1.3,1.38,1.28,-0.03,-1,1819000,78,2437120
2017-01-11,1.29,1.47,1.48,1.29,0.17,1,707000,21,964050
2017-01-12,1.38,1.4,1.46,1.33,-0.07,-1,3063000,44,4206810
2017-01-13,1.42,1.44,1.47,1.42,0.04,1,1637000,16,2383360
2017-01-16,1.4,1.38,1.4,1.37,-0.06,-1,305000,6,423400
2017-01-17,1.34,1.37,1.37,1.32,-0.01,-1,1688000,28,2252910
2017-01-18,1.35,1.31,1.35,1.31,-0.06,-1,59000,4,79250
2017-01-19,1.29,1.22,1.29,1.21,-0.09,-1,337000,5,421320
2017-01-23,1.25,1.25,1.25,1.25,0.0,0,10000,1,12500
2017-01-24,1.21,1.22,1.22,1.21,-0.03,-1,92000,5,111970
2017-02-02,1.26,1.27,1.27,1.26,0.05,1,15000,2,19000
2017-02-03,1.19,1.13,1.19,1.13,-0.14,-1,82000,4,95420
2017-02-06,1.1,1.12,1.12,1.1,-0.01,-1,459000,6,509130
2017-02-07,1.07,1.07,1.07,1.07,-0.05,-1,21000,1,22470
2017-02-08,1.11,1.12,1.15,1.11,0.05,1,366000,9,412130
2017-02-09,1.13,1.11,1.13,1.11,-0.01,-1,278000,5,313940
2017-02-10,1.1,1.12,1.12,1.1,0.01,1,168000,2,186960
2017-02-15,1.03,1.02,1.03,1.02,-0.08,-1,175000,2,179530
2017-02-16,0.99,1.02,1.02,0.99,0.0,0,333000,7,334660
2017-02-17,1.0,1.0,1.0,1.0,-0.02,-1,20000,1,20000
2017-02-18,0.89,0.91,0.91,0.88,-0.09,-1,408000,4,363020
2017-02-20,0.88,0.91,0.91,0.88,0.0,0,500000,7,445280
2017-02-21,0.92,0.97,0.97,0.92,0.06,1,87000,5,80930
2017-02-22,0.87,0.87,0.87,0.87,-0.1,-1,2000,1,1740
2017-02-23,0.93,0.92,0.93,0.92,0.05,1,238000,4,220960
2017-02-24,0.94,0.97,0.97,0.93,0.05,1,876000,12,833470
2017-03-01,0.97,1.04,1.04,0.96,0.07,1,1145000,13,1141550
2017-03-02,0.99,1.03,1.07,0.99,-0.01,-1,1224000,30,1247080
2017-03-03,0.96,1.05,1.05,0.96,0.02,1,1070000,22,1078080
2017-03-06,1.05,1.06,1.08,1.03,0.01,1,964000,14,1027200
2017-03-07,1.03,0.99,1.03,0.98,-0.07,-1,989000,23,992330
2017-03-08,1.06,1.06,1.09,1.05,0.07,1,2107000,28,2246890
2017-03-09,1.07,1.04,1.07,1.04,-0.02,-1,1056000,13,1117480
2017-03-10,1.08,1.07,1.08,1.07,0.03,1,40000,2,43000
2017-03-13,1.0,0.96,1.0,0.95,-0.11,-1,430000,13,416700
2017-03-14,0.94,0.97,0.97,0.94,0.01,1,65000,7,61900
2017-03-15,0.95,0.98,0.98,0.95,0.01,1,308000,11,295860
2017-03-16,0.95,0.98,0.98,0.95,0.0,0,50000,4,48300
2017-03-17,0.96,0.96,0.96,0.96,-0.02,-1,50000,1,48000
2017-03-20,1.15,1.16,1.23,1.15,0.2,1,441000,9,516330
2017-03-21,1.19,1.17,1.19,1.14,0.01,1,598000,17,700490
2017-03-22,1.4,1.41,1.41,1.28,0.24,1,490000,24,651900
2017-03-23,1.38,1.06,1.38,1.06,-0.35,-1,1165000,23,1314200
2017-03-24,1.18,1.19,1.19,1.09,0.13,1,101000,7,114690
2017-03-27,1.11,1.11,1.11,1.11,-0.08,-1,10000,1,11100
2017-03-28,1.12,1.2,1.2,1.12,0.09,1,36000,2,42800
2017-03-29,1.15,1.17,1.17,1.15,-0.03,-1,80000,6,93100
2017-03-30,1.18,1.32,1.32,1.18,0.15,1,111000,10,145280
2017-03-31,1.27,1.4,1.4,1.26,0.08,1,300000,8,390000
2017-04-05,2.0,1.47,2.0,1.47,0.07,1,104000,6,158500
2017-04-06,1.72,1.72,1.8,1.68,0.25,1,761000,16,1302700
2017-04-07,1.65,1.64,1.8,1.64,-0.08,-1,501000,16,861100
2017-04-10,1.67,1.67,1.67,1.67,0.03,1,10000,1,16700
2017-04-11,1.96,2.26,2.26,1.96,0.59,1,201000,5,410760
2017-04-12,2.27,2.15,2.27,2.15,-0.11,-1,150000,3,327840
2017-04-13,1.96,2.03,2.03,1.96,-0.12,-1,272000,3,537660
2017-04-14,2.2,2.43,2.43,2.2,0.4,1,807000,19,1821740
2017-04-19,2.28,2.28,2.28,2.28,-0.09,-1,1000,1,2280
2017-04-20,2.42,2.42,2.42,2.42,0.14,1,1000,1,2420
2017-04-24,2.35,2.35,2.35,2.35,-0.07,-1,1000,1,2350
2017-04-25,2.31,2.25,2.31,2.25,-0.1,-1,231000,3,524370
2017-04-27,1.96,1.91,1.96,1.91,-0.36,-1,150000,12,287500
2017-04-28,1.81,1.93,1.93,1.81,0.02,1,55000,2,100150
2017-05-03,1.91,1.91,1.91,1.91,-0.09,-1,50000,1,95500
2017-05-05,2.06,2.05,2.06,2.05,0.14,1,20000,2,41100
2017-05-09,2.25,2.26,2.33,2.25,0.26,1,350000,35,796000
2017-05-10,2.27,2.2,2.27,2.2,-0.06,-1,250000,25,560600
2017-05-11,2.05,2.05,2.05,2.05,-0.15,-1,120000,1,246000
2017-05-12,1.96,2.46,2.46,1.96,0.41,1,17000,3,38120
2017-05-17,2.13,2.13,2.13,2.13,-0.11,-1,180000,1,383400
2017-05-18,2.23,2.23,2.23,2.23,0.1,1,120000,1,267600
