date,OP,CP,HP,LP,DF,RD,TV,TC,TO
2016-11-25,1.37,1.33,1.37,1.33,-0.01,-1,33000,2,45010
2016-11-29,1.22,1.23,1.23,1.22,-0.06,-1,33000,2,40310
2016-12-01,1.24,1.24,1.24,1.24,0.01,1,6000,2,7440
2016-12-02,1.31,1.54,1.54,1.31,0.3,1,2265000,69,3232380
2016-12-05,1.57,1.36,1.57,1.34,-0.18,-1,1502000,103,2208110
2016-12-06,1.32,1.38,1.38,1.32,0.02,1,451000,8,610620
2016-12-07,1.41,1.49,1.5,1.41,0.11,1,285000,11,417420
2016-12-08,1.56,1.58,1.59,1.49,0.09,1,95000,9,148050
2016-12-09,1.55,1.58,1.58,1.54,0.0,0,141000,8,220370
2016-12-12,1.48,1.55,1.55,1.48,-0.03,-1,114000,6,171380
2016-12-13,1.53,1.52,1.53,1.51,-0.03,-1,52000,5,78980
2016-12-14,1.45,1.39,1.45,1.39,-0.13,-1,43000,4,61450
2016-12-15,1.25,1.22,1.25,1.16,-0.17,-1,7000,3,8480
2016-12-16,1.18,1.27,1.27,1.16,0.05,1,48000,7,56680
2016-12-19,1.25,1.25,1.25,1.25,-0.02,-1,6000,1,7500
2016-12-20,1.21,1.21,1.21,1.21,-0.04,-1,5000,1,6050
2016-12-21,1.26,1.3,1.32,1.26,0.09,1,162000,13,212870
2016-12-22,1.3,1.29,1.3,1.27,-0.01,-1,161000,6,205680
2016-12-23,1.27,1.33,1.33,1.27,0.04,1,135000,7,171630
2016-12-26,1.37,1.37,1.37,1.37,0.04,1,3000,1,4110
2016-12-28,1.2,1.17,1.2,1.17,-0.14,-1,62000,4,73540
2016-12-29,1.19,1.2,1.2,1.19,0.03,1,27000,2,32330
2017-01-05,1.01,1.01,1.01,1.01,-0.07,-1,2000,1,2020
2017-01-12,1.12,1.12,1.12,1.12,0.04,1,600000,4,672000
2017-01-13,1.13,1.12,1.13,1.12,0.0,0,600000,3,676990
2017-01-19,1.1,1.12,1.12,1.1,0.07,1,383000,3,423330
2017-01-20,1.22,1.28,1.29,1.22,0.16,1,942000,16,1182320
2017-01-23,1.29,1.27,1.32,1.2,-0.01,-1,573000,9,724970
2017-01-24,1.25,1.27,1.27,1.25,0.0,0,62000,4,78340
2017-02-02,1.25,1.31,1.31,1.25,0.04,1,80000,4,102400
2017-02-03,1.26,1.26,1.26,1.26,-0.05,-1,40000,1,50400
2017-02-06,1.18,1.23,1.23,1.18,-0.03,-1,78000,4,95040
2017-02-07,1.25,1.26,1.26,1.23,0.03,1,204000,4,254300
2017-02-08,1.29,1.33,1.33,1.29,0.07,1,184000,5,238140
2017-02-09,1.3,1.25,1.3,1.24,-0.08,-1,355000,11,447620
2017-02-10,1.26,1.29,1.29,1.25,0.04,1,261000,9,332320
2017-02-13,0.92,1.25,1.25,0.92,-0.04,-1,242000,8,282050
2017-02-14,1.32,1.57,1.6,1.31,0.32,1,3073000,50,4415980
2017-02-15,1.59,1.51,1.59,1.47,-0.06,-1,2783000,52,4191810
2017-02-16,1.54,1.71,1.77,1.54,0.2,1,1106000,29,1790850
2017-02-17,1.77,1.86,1.9,1.72,0.15,1,2639000,52,4864580
2017-02-18,1.76,1.61,1.81,1.61,-0.25,-1,1541000,49,2670330
2017-02-20,1.58,1.68,1.68,1.58,0.07,1,92000,3,153960
2017-02-21,1.76,1.92,1.92,1.74,0.24,1,338000,9,617180
2017-02-22,1.82,1.85,1.9,1.79,-0.07,-1,251000,5,459850
2017-02-23,1.94,2.14,2.14,1.94,0.29,1,142000,6,300220
2017-02-24,2.04,1.96,2.07,1.96,-0.18,-1,131000,7,266080
2017-03-03,1.38,1.38,1.38,1.38,-0.14,-1,5000,1,6900
2017-03-06,1.3,1.3,1.3,1.3,-0.08,-1,20000,1,26000
2017-03-07,1.28,1.28,1.35,1.28,-0.02,-1,363000,12,479060
2017-03-08,1.29,1.31,1.31,1.29,0.03,1,170000,5,220100
2017-03-09,1.21,1.21,1.21,1.18,-0.1,-1,208000,4,247450
2017-03-10,1.44,1.32,1.49,1.32,0.11,1,372000,10,535400
2017-03-13,1.34,1.47,1.47,1.32,0.15,1,218000,4,291510
2017-03-14,1.47,1.46,1.47,1.46,-0.01,-1,72000,2,105240
2017-03-16,1.3,1.3,1.3,1.3,-0.15,-1,4000,1,5200
2017-03-17,1.26,1.26,1.26,1.26,-0.04,-1,62000,1,78120
2017-03-20,1.3,1.3,1.3,1.3,0.04,1,5000,1,6500
2017-03-21,1.3,1.38,1.38,1.3,0.08,1,45000,6,60650
2017-03-22,1.51,1.25,1.51,1.25,-0.13,-1,50000,5,67690
2017-03-23,1.22,1.21,1.27,1.21,-0.04,-1,80000,9,97770
2017-03-24,1.21,1.23,1.23,1.21,0.02,1,67000,4,82270
2017-03-27,1.19,1.19,1.19,1.19,-0.04,-1,13000,2,15470
2017-03-28,1.23,1.22,1.23,1.22,0.03,1,30000,3,36700
2017-03-29,1.18,1.19,1.19,1.18,-0.03,-1,13000,2,15370
2017-03-30,1.16,1.01,1.16,1.01,-0.18,-1,33000,4,34480
2017-03-31,0.9,0.95,0.95,0.9,-0.06,-1,30000,2,27500
2017-04-05,0.95,0.95,0.95,0.95,0.0,0,10000,1,9500
2017-04-12,0.87,0.87,0.87,0.87,-0.03,-1,10000,1,8700
2017-04-13,0.79,0.77,0.79,0.77,-0.1,-1,40000,2,31000
2017-04-14,0.78,0.85,0.85,0.78,0.08,1,139000,3,113520
2017-04-17,0.84,0.82,0.84,0.82,-0.03,-1,200000,2,166000
2017-04-19,0.62,0.72,0.73,0.62,0.05,1,225000,5,163600
2017-04-20,0.53,0.57,0.57,0.51,-0.15,-1,373000,11,197860
2017-04-21,0.53,0.48,0.53,0.48,-0.09,-1,138000,2,71240
2017-04-24,0.61,0.7,0.7,0.61,0.22,1,234000,9,156150
2017-04-25,0.64,0.64,0.64,0.64,-0.06,-1,60000,1,38400
2017-04-27,0.52,0.52,0.52,0.52,-0.04,-1,15000,1,7800
2017-05-04,0.57,0.57,0.57,0.57,0.0,0,11000,1,6270
2017-05-05,0.52,0.52,0.52,0.52,-0.05,-1,11000,1,5720
2017-05-08,0.65,0.76,0.8,0.65,0.24,1,60000,6,45700
2017-05-09,0.68,0.68,0.68,0.68,-0.08,-1,60000,3,40800
