date,OP,CP,HP,LP,DF,RD,TV,TC,TO
2016-12-29,1.12,1.13,1.13,1.12,0.03,1,10000,2,11250
2017-01-03,1.07,1.07,1.07,1.07,-0.04,-1,5000,1,5350
2017-01-04,1.05,1.05,1.05,1.05,-0.02,-1,163000,1,171150
2017-01-05,1.06,1.07,1.07,1.06,0.02,1,559000,3,596500
2017-01-06,1.02,1.02,1.02,1.02,-0.05,-1,401000,2,409020
2017-01-10,1.05,1.08,1.09,1.05,0.05,1,2204000,17,2349510
2017-01-11,1.08,1.1,1.11,1.07,0.02,1,1727000,19,1877930
2017-01-12,1.07,1.03,1.08,1.03,-0.07,-1,2082000,19,2211730
2017-01-13,1.03,1.07,1.07,1.03,0.04,1,592000,12,618920
2017-01-16,1.1,1.09,1.1,1.09,0.02,1,49000,4,53810
2017-01-17,1.07,1.1,1.1,1.07,0.01,1,30000,3,32700
2017-01-18,1.07,1.09,1.09,1.07,-0.01,-1,184000,4,199060
2017-01-19,1.02,1.11,1.11,1.01,0.02,1,747000,13,792260
2017-01-20,1.1,1.14,1.14,1.09,0.03,1,806000,10,895620
2017-01-23,1.11,1.15,1.15,1.11,0.01,1,351000,3,401690
2017-01-24,1.14,1.14,1.14,1.14,-0.01,-1,112000,2,127680
2017-02-03,1.05,1.04,1.05,1.04,-0.08,-1,129000,4,134850
2017-02-06,0.99,0.84,0.99,0.84,-0.2,-1,129000,5,116100
2017-02-07,0.82,0.84,0.84,0.8,0.0,0,493000,7,398420
2017-02-08,0.83,0.7,0.83,0.69,-0.14,-1,568000,17,453650
2017-02-09,0.71,0.7,0.71,0.7,0.0,0,20000,2,14100
2017-02-10,0.61,0.69,0.7,0.61,-0.01,-1,53000,5,35980
2017-02-13,0.65,0.69,0.69,0.65,0.0,0,55000,4,37550
2017-02-14,0.66,0.68,0.68,0.66,-0.01,-1,7000,3,4660
2017-02-15,0.64,0.65,0.65,0.64,-0.03,-1,6000,2,3850
2017-02-16,0.66,0.7,0.7,0.66,0.05,1,785000,15,541840
2017-02-17,0.67,0.73,0.74,0.67,0.03,1,674000,9,481340
2017-02-18,0.73,0.73,0.78,0.73,0.0,0,672000,13,504450
2017-02-20,0.69,0.73,0.73,0.67,0.0,0,499000,8,347250
2017-02-21,0.73,0.7,0.74,0.7,-0.03,-1,378000,6,275610
2017-02-23,0.7,0.65,0.7,0.62,-0.05,-1,228000,5,154050
2017-02-24,0.62,0.63,0.63,0.62,-0.02,-1,70000,3,44000
2017-03-01,0.61,0.68,0.69,0.61,0.05,1,1021000,12,672840
2017-03-02,0.65,0.67,0.68,0.63,-0.01,-1,1077000,13,692490
2017-03-03,0.67,0.7,0.7,0.67,0.03,1,24000,3,16580
2017-03-06,0.63,0.63,0.63,0.63,-0.07,-1,20000,2,12600
2017-03-08,0.64,0.68,0.68,0.64,0.04,1,841000,6,556020
2017-03-09,0.67,0.66,0.67,0.65,-0.02,-1,941000,8,622520
2017-03-10,0.69,0.67,0.69,0.67,0.01,1,151000,3,102170
2017-03-13,0.59,0.59,0.59,0.59,-0.08,-1,60000,1,35400
2017-03-14,0.63,0.63,0.63,0.63,0.04,1,303000,3,190890
2017-03-15,0.63,0.62,0.63,0.62,-0.01,-1,316000,5,198980
2017-03-16,0.61,0.59,0.61,0.59,-0.03,-1,80000,2,48200
2017-03-17,0.6,0.6,0.6,0.6,0.01,1,50000,1,30000
2017-03-21,0.57,0.57,0.57,0.57,0.0,0,160000,2,91200
2017-03-22,0.59,0.59,0.61,0.59,0.02,1,510000,4,306900
2017-03-23,0.6,0.59,0.6,0.59,0.0,0,350000,2,209500
2017-03-24,0.57,0.57,0.57,0.57,-0.02,-1,40000,1,22800
2017-03-27,0.57,0.57,0.57,0.57,0.0,0,300000,1,171000
2017-03-28,0.57,0.6,0.61,0.57,0.03,1,817000,7,483320
2017-03-29,0.57,0.57,0.57,0.57,-0.03,-1,498000,4,283860
2017-03-30,0.55,0.55,0.55,0.55,-0.02,-1,60000,1,33000
2017-03-31,0.48,0.48,0.48,0.48,-0.07,-1,10000,1,4800
2017-04-11,0.53,0.54,0.54,0.53,0.03,1,119000,2,64070
2017-04-12,0.52,0.71,0.85,0.52,0.17,1,1679000,26,1097410
2017-04-13,0.77,0.92,0.95,0.74,0.21,1,2831000,83,2356630
2017-04-14,0.92,0.96,0.96,0.84,0.04,1,490000,30,447660
2017-04-17,0.97,0.87,1.22,0.86,-0.09,-1,3600000,82,3809820
2017-04-18,0.8,0.79,0.85,0.77,-0.08,-1,2407000,61,1955530
2017-04-19,0.77,0.64,0.79,0.6,-0.15,-1,1468000,38,1022190
2017-04-20,0.68,0.69,0.69,0.66,0.05,1,729000,9,490380
2017-04-21,0.63,0.66,0.67,0.63,-0.03,-1,698000,8,442380
2017-04-24,0.71,0.77,0.86,0.71,0.11,1,1447000,22,1152360
2017-04-25,0.71,0.75,0.78,0.7,-0.02,-1,1712000,25,1257810
2017-04-26,0.73,0.63,0.73,0.63,-0.12,-1,1288000,28,894230
2017-04-27,0.63,0.61,0.63,0.59,-0.02,-1,432000,13,261410
2017-04-28,0.62,0.62,0.62,0.62,0.01,1,122000,3,75640
2017-05-02,0.53,0.55,0.58,0.53,-0.07,-1,384000,5,211170
2017-05-03,0.58,0.59,0.6,0.58,0.04,1,305000,4,182840
2017-05-04,0.56,0.64,0.65,0.56,0.05,1,700000,16,422060
2017-05-05,0.65,0.63,0.65,0.58,-0.01,-1,645000,11,396950
2017-05-08,0.6,0.61,0.61,0.6,-0.02,-1,218000,3,132800
2017-05-09,0.62,0.69,0.69,0.62,0.08,1,311000,5,197690
2017-05-10,0.6,0.56,0.6,0.55,-0.13,-1,101000,5,56930
2017-05-11,0.54,0.55,0.57,0.54,-0.01,-1,111000,3,61370
2017-05-12,0.55,0.59,0.59,0.55,0.04,1,206000,2,120420
2017-05-15,0.58,0.57,0.58,0.57,-0.02,-1,208000,3,120340
2017-05-16,0.52,0.52,0.52,0.52,-0.05,-1,30000,1,15600
2017-05-17,0.52,0.52,0.52,0.52,0.0,0,300000,3,156000
2017-05-18,0.56,0.57,0.57,0.55,0.05,1,350000,9,195100
2017-05-22,0.49,0.48,0.49,0.48,-0.04,-1,164000,3,80330
2017-05-23,0.41,0.4,0.41,0.4,-0.08,-1,161000,4,65400
