date,OP,CP,HP,LP,DF,RD,TV,TC,TO
2017-02-18,0.71,0.72,0.77,0.7,-0.29,-1,310000,12,232580
2017-02-20,0.7,0.81,0.83,0.7,0.09,1,682000,21,526890
2017-02-21,0.81,0.74,0.87,0.73,-0.07,-1,1329000,36,1058750
2017-02-22,0.75,0.64,0.75,0.63,-0.1,-1,2416000,66,1618900
2017-02-23,0.63,0.69,0.69,0.63,0.05,1,487000,18,320930
2017-02-24,0.71,0.71,0.73,0.71,0.02,1,1042000,20,747500
2017-03-01,0.64,0.71,0.72,0.63,0.0,0,2369000,39,1617520
2017-03-02,0.68,0.73,0.75,0.68,0.02,1,3353000,53,2417590
2017-03-03,0.71,0.7,0.73,0.68,-0.03,-1,1426000,30,998330
2017-03-06,0.7,0.71,0.71,0.68,0.01,1,333000,10,231840
2017-03-07,0.67,0.66,0.67,0.64,-0.05,-1,698000,26,457710
2017-03-08,0.69,0.7,0.7,0.69,0.04,1,936000,23,652370
2017-03-09,0.69,0.72,0.72,0.69,0.02,1,1224000,25,861570
2017-03-10,0.74,0.72,0.78,0.72,0.0,0,2020000,47,1514250
2017-03-13,0.72,0.67,0.72,0.64,-0.05,-1,995000,25,687630
2017-03-14,0.64,0.67,0.68,0.62,0.0,0,724000,24,459640
2017-03-15,0.63,0.67,0.67,0.63,0.0,0,702000,10,451080
2017-03-16,0.65,0.63,0.65,0.62,-0.04,-1,616000,15,392170
2017-03-17,0.61,0.5,0.62,0.42,-0.13,-1,1108000,32,611560
2017-03-20,0.47,0.45,0.47,0.4,-0.05,-1,1111000,38,495870
2017-03-21,0.47,0.46,0.47,0.44,0.01,1,677000,12,307290
2017-03-22,0.49,0.3,0.52,0.3,-0.16,-1,2103000,59,833390
2017-03-23,0.31,0.38,0.4,0.29,0.08,1,2192000,40,733310
2017-03-24,0.4,0.44,0.44,0.37,0.06,1,1859000,41,736150
2017-03-27,0.45,0.43,0.45,0.41,-0.01,-1,1154000,20,496520
2017-03-28,0.41,0.46,0.53,0.39,0.03,1,1778000,20,815050
2017-03-29,0.42,0.39,0.46,0.39,-0.07,-1,967000,12,420350
2017-03-30,0.38,0.36,0.38,0.34,-0.03,-1,1165000,21,419000
2017-03-31,0.34,0.38,0.38,0.33,0.02,1,1732000,26,625500
2017-04-05,0.36,0.36,0.37,0.35,-0.02,-1,1025000,16,366800
2017-04-06,0.35,0.32,0.35,0.29,-0.04,-1,1300000,25,409240
2017-04-07,0.27,0.28,0.29,0.27,-0.04,-1,1496000,22,420860
2017-04-10,0.28,0.24,0.28,0.21,-0.04,-1,2027000,30,503710
2017-04-11,0.24,0.29,0.29,0.24,0.05,1,1276000,22,334430
2017-04-12,0.28,0.27,0.29,0.26,-0.02,-1,1948000,22,539400
2017-04-13,0.26,0.31,0.31,0.26,0.04,1,1078000,31,297560
2017-04-14,0.3,0.34,0.34,0.29,0.03,1,953000,32,302310
2017-04-17,0.32,0.32,0.33,0.29,-0.02,-1,954000,76,289690
2017-04-18,0.3,0.25,0.3,0.24,-0.07,-1,1274000,102,344600
2017-04-19,0.26,0.28,0.28,0.26,0.03,1,704000,35,186370
2017-04-20,0.26,0.35,0.37,0.26,0.07,1,1679000,97,561160
2017-04-21,0.33,0.35,0.36,0.32,0.0,0,491000,18,169150
2017-04-24,0.38,0.4,0.43,0.37,0.05,1,1307000,48,509240
2017-04-25,0.35,0.34,0.36,0.33,-0.06,-1,1099000,55,379020
2017-04-26,0.34,0.32,0.34,0.3,-0.02,-1,1225000,20,382550
2017-04-27,0.31,0.32,0.32,0.29,0.0,0,1374000,23,422580
2017-04-28,0.33,0.35,0.36,0.33,0.03,1,1119000,15,386460
2017-05-02,0.36,0.35,0.36,0.34,0.0,0,514000,12,182790
