date,OP,CP,HP,LP,DF,RD,TV,TC,TO
2016-01-27,14.38,14.72,14.89,14.38,0.06,1,11143000,1293,164623320
2016-01-28,14.72,14.76,14.88,14.7,0.04,1,3397015,230,50229064
2016-01-29,14.8,15.02,15.09,14.76,0.26,1,6705000,757,100527300
2016-01-30,15.03,15.07,15.09,15.03,0.05,1,1087000,217,16365010
2016-02-01,15.0,14.96,15.1,14.9,-0.11,-1,2968000,261,44663440
2016-02-02,14.9,14.9,15.05,14.87,-0.06,-1,944000,115,14113080
2016-02-03,14.71,14.54,14.72,14.45,-0.36,-1,1315000,132,19124170
2016-02-15,14.1,14.39,14.46,14.1,-0.15,-1,1299000,78,18687440
2016-02-16,14.39,14.63,14.65,14.37,0.24,1,1510000,86,22021950
2016-02-17,14.65,14.51,14.71,14.5,-0.12,-1,1169000,67,17090580
2016-02-18,14.72,14.75,14.8,14.7,0.24,1,528000,67,7793950
2016-02-19,14.71,14.72,14.74,14.68,-0.03,-1,819000,42,12051130
2016-02-22,14.72,14.83,14.89,14.72,0.11,1,961000,58,14268670
2016-02-23,14.9,14.78,14.98,14.75,-0.05,-1,372000,50,5518930
2016-02-24,14.78,14.55,14.78,14.55,-0.23,-1,493000,82,7205760
2016-02-25,14.55,14.46,14.7,14.42,-0.09,-1,428000,92,6206830
2016-02-26,14.6,14.6,14.65,14.59,0.14,1,406000,46,5934440
2016-03-01,14.6,14.54,14.63,14.53,-0.06,-1,222000,28,3239560
2016-03-02,14.92,15.02,15.07,14.92,0.48,1,2879000,344,43283840
2016-03-03,15.06,14.94,15.14,14.88,-0.08,-1,2849000,309,42900290
2016-03-04,15.04,15.07,15.11,15.0,0.13,1,791000,101,11920030
2016-03-07,15.12,15.17,15.22,15.1,0.1,1,3651000,296,55364070
2016-03-08,15.09,15.04,15.1,14.95,-0.13,-1,832000,47,12518480
2016-03-09,15.02,15.08,15.1,14.98,0.04,1,1279000,60,19237300
2016-03-10,15.1,15.18,15.24,15.1,0.1,1,3518000,257,53452380
2016-03-11,15.14,15.24,15.25,15.14,0.06,1,1329000,124,20213440
2016-03-14,15.3,15.34,15.4,15.3,0.1,1,1225000,122,18820380
2016-03-15,15.34,15.25,15.37,15.25,-0.09,-1,1908000,115,29196620
2016-03-16,15.35,15.27,15.42,15.25,0.02,1,497000,45,7637360
2016-03-17,15.3,15.42,15.72,15.3,0.15,1,1385000,99,21501350
2016-03-18,15.42,15.46,15.49,15.2,0.04,1,385000,60,5944200
2016-03-21,15.46,15.47,15.48,15.4,0.01,1,527000,51,8146110
2016-03-22,15.22,15.44,15.49,15.22,-0.03,-1,1194000,80,18435660
2016-03-23,15.44,15.38,15.47,15.37,-0.06,-1,453000,57,6983490
2016-03-24,15.1,15.3,15.38,15.1,-0.08,-1,294000,48,4504240
2016-03-25,15.24,15.21,15.25,15.21,-0.09,-1,139000,37,2117110
2016-03-28,15.21,15.21,15.27,15.2,0.0,0,92000,13,1400830
2016-03-29,15.25,15.28,15.3,15.23,0.07,1,258000,29,3935320
2016-03-30,15.45,15.44,15.48,15.43,0.16,1,782000,55,12079240
2016-03-31,15.5,15.42,15.5,15.39,-0.02,-1,273000,33,4215680
2016-04-01,15.38,15.31,15.45,15.29,-0.11,-1,2517000,58,38696320
2016-04-06,15.19,15.1,15.19,14.9,-0.21,-1,2029000,108,30609840
2016-04-07,15.1,15.11,15.23,15.07,0.01,1,865000,61,13103830
2016-04-08,15.15,15.07,15.15,14.97,-0.04,-1,537000,39,8073870
2016-04-11,15.07,15.28,15.34,15.07,0.21,1,426000,55,6496590
2016-04-12,15.36,15.32,15.36,15.25,0.04,1,959000,41,14678700
2016-04-13,15.35,15.68,15.71,15.35,0.36,1,2581000,204,40250270
2016-04-14,15.8,15.91,16.03,15.7,0.23,1,2248000,200,35800850
2016-04-15,15.9,15.88,15.99,15.8,-0.03,-1,448000,62,7124410
2016-04-18,15.9,15.76,15.9,15.73,-0.12,-1,235000,38,3708500
2016-04-19,15.9,15.88,16.0,15.86,0.12,1,282000,48,4491250
2016-04-20,15.9,15.7,15.9,15.69,-0.18,-1,130000,42,2050610
2016-04-21,15.7,16.0,16.04,15.7,0.3,1,740000,85,11845240
2016-04-22,16.0,15.98,16.0,15.92,-0.02,-1,132000,23,2108580
2016-04-25,15.98,15.98,16.05,15.98,0.0,0,523000,31,8363480
2016-04-26,15.9,15.8,15.93,15.75,-0.18,-1,52000,19,824570
2016-04-27,15.97,15.86,15.97,15.86,0.06,1,381000,29,6053540
2016-04-28,15.98,15.97,16.14,15.92,0.11,1,1116000,100,17888450
2016-04-29,15.9,15.7,15.9,15.68,-0.27,-1,50000,24,785410
2016-05-03,15.57,15.51,15.57,15.46,-0.19,-1,179000,29,2779820
2016-05-04,15.5,15.25,15.5,15.22,-0.26,-1,490000,62,7509180
2016-05-05,15.22,15.29,15.29,15.22,0.04,1,48000,15,732230
2016-05-06,15.25,15.1,15.25,15.07,-0.19,-1,50000,42,757100
2016-05-09,15.12,15.11,15.16,15.08,0.01,1,288000,17,4354060
2016-05-10,15.1,15.12,15.12,15.07,0.01,1,29000,14,438100
2016-05-11,15.12,15.08,15.26,15.06,-0.04,-1,36000,18,545440
2016-05-12,15.03,15.02,15.03,14.94,-0.06,-1,119000,35,1782080
2016-05-13,14.98,14.8,14.98,14.8,-0.22,-1,136000,54,2019210
2016-05-16,14.85,14.99,15.05,14.85,0.19,1,120000,26,1792210
2016-05-17,15.03,15.02,15.03,14.98,0.03,1,73000,14,1096540
2016-05-18,15.02,14.86,15.02,14.86,-0.16,-1,76000,28,1132300
2016-05-19,14.88,14.92,14.96,14.86,0.06,1,134000,15,1994980
2016-05-20,14.92,15.11,15.14,14.89,0.19,1,479000,23,7217640
2016-05-23,15.07,15.07,15.11,14.97,-0.04,-1,150000,16,2261320
2016-05-24,15.05,14.93,15.05,14.93,-0.14,-1,19000,9,285180
2016-05-25,15.18,15.39,15.41,15.18,0.46,1,250000,38,3831070
2016-05-26,15.38,15.33,15.38,15.3,-0.06,-1,68000,19,1042710
2016-05-27,15.37,15.31,15.37,15.27,-0.02,-1,321000,19,4915510
2016-05-30,15.5,15.55,15.62,15.43,0.24,1,912000,60,14187860
2016-05-31,15.55,15.78,15.78,15.55,0.23,1,200000,48,3133770
2016-06-01,15.78,15.69,15.78,15.63,-0.09,-1,68000,20,1067680
2016-06-02,15.65,15.73,15.75,15.65,0.04,1,40000,14,629100
2016-06-03,15.85,15.84,15.92,15.82,0.11,1,55000,24,871820
2016-06-04,15.99,15.77,15.99,15.77,-0.07,-1,27000,14,427540
2016-06-06,15.65,15.75,15.85,15.65,-0.02,-1,282000,17,4456590
2016-06-07,15.75,15.9,15.93,15.66,0.15,1,98000,30,1552490
2016-06-08,15.9,15.87,15.9,15.87,-0.03,-1,37000,8,587580
2016-06-13,15.8,15.46,15.8,15.41,-0.41,-1,167000,20,2580390
2016-06-14,15.25,15.52,15.52,15.25,0.06,1,28000,9,433340
2016-06-15,15.29,15.45,15.46,15.29,-0.07,-1,13000,10,200030
2016-06-16,15.3,15.13,15.32,15.13,-0.32,-1,407000,39,6172540
2016-06-17,15.02,15.24,15.36,15.02,0.11,1,42000,15,640130
2016-06-20,15.37,15.4,15.49,15.32,0.16,1,286000,14,4408980
2016-06-21,15.4,15.48,15.52,15.4,0.08,1,216000,12,3329530
2016-06-22,15.5,15.6,15.62,15.37,0.12,1,441000,412,6857960
2016-06-23,15.65,15.68,15.71,15.65,0.08,1,41000,15,643590
2016-06-24,15.57,14.88,15.8,14.77,-0.8,-1,1030000,131,15574790
2016-06-27,14.88,15.29,15.29,14.88,0.41,1,80000,32,1216580
2016-06-28,15.08,15.24,15.27,15.08,-0.05,-1,85000,26,1293960
2016-06-29,15.37,15.42,15.48,15.37,0.18,1,207000,30,3191380
2016-06-30,15.6,15.76,15.8,15.6,0.34,1,316000,50,4970250
2016-07-01,15.8,15.79,15.81,15.79,0.03,1,114000,15,1800730
2016-07-04,15.79,15.96,15.99,15.79,0.17,1,164000,29,2611500
2016-07-05,16.0,15.8,16.0,15.77,-0.16,-1,56000,21,886670
2016-07-06,15.69,15.48,15.69,15.42,-0.32,-1,210000,20,3252270
2016-07-07,15.58,15.67,15.72,15.58,0.19,1,76000,12,1189800
2016-07-11,15.85,15.82,15.85,15.82,0.15,1,123000,25,1948440
2016-07-12,15.82,15.86,15.89,15.82,0.04,1,250000,31,3962520
2016-07-13,16.01,16.04,16.15,15.98,0.18,1,650000,80,10435910
2016-07-14,16.04,16.06,16.09,16.0,0.02,1,688000,35,11046360
2016-07-15,16.11,16.16,16.27,16.1,0.1,1,667000,86,10779980
2016-07-18,16.1,16.2,16.24,16.1,0.04,1,178000,20,2886040
2016-07-19,16.2,16.24,16.3,16.2,0.04,1,62000,20,1006920
2016-07-20,16.09,16.39,16.4,16.08,0.15,1,687000,54,11232370
2016-07-21,16.45,16.5,16.52,16.45,0.11,1,223000,31,3676770
2016-07-22,16.45,16.44,16.46,16.44,-0.06,-1,216000,16,3552340
2016-07-25,16.5,16.42,16.5,16.4,-0.02,-1,164000,13,2691440
2016-07-26,16.52,16.73,16.73,16.51,0.31,1,139000,37,2311380
2016-07-27,16.6,16.58,16.74,16.57,-0.15,-1,742000,34,12394730
2016-07-28,16.58,16.69,16.7,16.58,0.11,1,316000,16,5265410
2016-07-29,16.58,16.47,16.65,16.47,-0.22,-1,133000,14,2209140
2016-08-01,16.55,16.61,16.62,16.55,0.14,1,43000,9,713660
2016-08-02,16.42,16.4,16.42,16.4,-0.21,-1,11000,7,180560
2016-08-03,16.38,16.15,16.38,16.15,-0.25,-1,1169000,44,18935340
2016-08-04,16.15,16.23,16.25,16.11,0.08,1,508000,17,8218420
2016-08-05,16.2,16.47,16.48,16.2,0.24,1,580000,36,9469020
2016-08-08,16.51,16.65,16.65,16.51,0.18,1,30000,16,498200
2016-08-09,16.64,16.65,16.65,16.61,0.0,0,125000,19,2078910
2016-08-10,16.66,16.62,16.7,16.62,-0.03,-1,503000,19,8371530
2016-08-11,16.55,16.57,16.57,16.52,-0.05,-1,448000,20,7412570
2016-08-12,16.63,16.7,16.72,16.63,0.13,1,990000,46,16522640
2016-08-15,16.75,16.97,16.97,16.75,0.27,1,648000,52,10925160
2016-08-16,17.0,16.96,17.0,16.87,-0.01,-1,65000,35,1100940
2016-08-17,16.99,16.95,17.0,16.91,-0.01,-1,36000,18,610230
2016-08-18,16.8,17.02,17.08,16.8,0.07,1,802000,45,13629620
2016-08-19,17.0,17.0,17.01,16.41,-0.02,-1,883000,75,14965360
2016-08-22,17.05,17.1,17.22,17.05,0.1,1,132000,25,2265200
2016-08-23,16.96,17.14,17.15,16.8,0.04,1,22000,10,376420
2016-08-24,17.17,17.01,17.17,16.98,-0.13,-1,253000,23,4307760
2016-08-25,17.01,17.08,17.08,17.01,0.07,1,20000,9,341100
2016-08-26,17.07,17.09,17.18,17.07,0.01,1,119000,18,2033810
2016-08-29,17.09,17.07,17.09,16.99,-0.02,-1,11000,5,187580
2016-08-30,17.09,17.17,17.18,17.09,0.1,1,24000,12,411600
2016-08-31,17.17,17.14,17.17,17.11,-0.03,-1,98000,15,1679200
2016-09-01,17.2,17.32,17.33,17.2,0.18,1,138000,30,2384560
2016-09-02,17.35,17.39,17.4,17.35,0.07,1,40000,16,695540
2016-09-05,17.5,17.59,17.6,17.5,0.2,1,121000,25,2121270
2016-09-06,17.52,17.55,17.56,17.4,-0.04,-1,242000,42,4230570
2016-09-07,17.46,17.5,17.56,17.46,-0.05,-1,58000,22,1015760
2016-09-08,17.4,17.6,17.6,17.4,0.1,1,188000,45,3300830
2016-09-09,17.65,17.93,17.93,17.65,0.33,1,304000,80,5404690
2016-09-10,17.93,17.61,17.93,16.6,-0.32,-1,77000,39,1357080
2016-09-12,17.6,17.49,17.62,17.44,-0.12,-1,318000,41,5567140
2016-09-13,17.58,17.58,17.6,17.5,0.09,1,60000,27,1053230
2016-09-14,17.48,17.42,17.55,17.4,-0.16,-1,31000,10,541550
2016-09-19,17.55,17.62,17.68,17.55,0.2,1,250000,38,4400280
2016-09-20,17.54,17.53,17.59,17.51,-0.09,-1,99000,8,1734530
2016-09-21,17.52,17.6,17.6,17.46,0.07,1,42000,18,736060
2016-09-22,17.68,17.8,17.85,17.68,0.2,1,94000,24,1672540
2016-09-23,17.8,17.62,17.8,17.62,-0.18,-1,61000,27,1079390
2016-09-26,17.6,17.5,17.6,17.44,-0.12,-1,145000,31,2532730
2016-09-29,17.68,17.6,17.8,17.59,0.1,1,203000,44,3580390
2016-09-30,17.5,17.35,17.5,17.31,-0.25,-1,157000,39,2724110
2016-10-03,17.37,17.5,17.56,17.37,0.15,1,32000,14,559610
2016-10-04,17.44,17.48,17.49,17.44,-0.02,-1,43000,6,751250
2016-10-05,17.48,17.55,17.63,17.43,0.07,1,157000,22,2753380
2016-10-06,17.68,17.69,17.71,17.65,0.14,1,121000,20,2140350
2016-10-07,17.8,17.7,17.8,17.64,0.01,1,58000,11,1027190
2016-10-11,17.8,17.55,17.82,17.48,-0.15,-1,185000,26,3242560
2016-10-12,17.41,17.4,17.41,17.4,-0.15,-1,17000,8,295900
2016-10-13,17.41,17.25,17.41,17.22,-0.15,-1,128000,16,2217400
2016-10-14,17.3,17.35,17.35,17.28,0.1,1,78000,13,1350960
2016-10-17,17.29,17.32,17.33,17.24,-0.03,-1,626000,21,10810450
2016-10-18,17.34,17.43,17.43,17.34,0.11,1,165000,9,2863650
2016-10-19,17.5,17.5,17.55,17.5,0.07,1,4000,4,70100
2016-10-20,17.58,17.57,17.58,17.57,0.07,1,9000,4,158200
2016-10-21,17.51,17.5,17.51,17.5,-0.07,-1,3000,2,52510
2016-10-24,17.5,17.56,17.57,17.37,0.06,1,41000,15,717800
2016-10-25,17.58,17.64,17.64,17.58,0.08,1,71000,11,1252260
2016-10-26,17.6,17.5,17.6,17.5,-0.14,-1,127000,13,2225190
2016-10-27,17.49,17.22,17.49,17.22,-0.28,-1,22000,14,381100
2016-10-28,17.26,17.17,17.27,17.17,-0.05,-1,114000,11,1965660
2016-10-31,17.17,17.2,17.23,17.0,0.03,1,289000,23,4962440
2016-11-01,17.28,17.36,17.4,17.24,0.16,1,472000,29,8168410
2016-11-02,17.28,17.0,17.3,17.0,-0.36,-1,97000,22,1653440
2016-11-03,17.0,16.95,17.0,16.9,-0.05,-1,67000,9,1133380
2016-11-04,16.87,16.9,16.98,16.87,-0.05,-1,25000,7,423190
2016-11-07,16.87,16.98,16.98,16.85,0.08,1,15000,10,253640
2016-11-08,17.0,16.99,17.15,16.99,0.01,1,87000,14,1480300
2016-11-09,17.13,16.5,17.13,16.4,-0.49,-1,40000,23,662080
2016-11-10,16.97,17.0,17.0,16.92,0.5,1,36000,14,610890
2016-11-11,16.96,16.97,17.15,16.83,-0.03,-1,40000,17,678110
2016-11-14,16.86,16.79,16.86,16.74,-0.18,-1,19000,9,318900
2016-11-15,16.68,16.84,16.86,16.68,0.05,1,116000,11,1953410
2016-11-16,16.84,16.89,16.89,16.81,0.05,1,109000,22,1837580
2016-11-17,16.9,16.76,16.9,16.69,-0.13,-1,116000,16,1949180
2016-11-18,16.84,16.85,16.86,16.84,0.09,1,101000,6,1702000
2016-11-21,16.85,16.95,16.95,16.85,0.1,1,6000,5,101590
2016-11-22,17.04,17.16,17.18,17.01,0.21,1,210000,23,3600130
2016-11-23,17.2,17.19,17.2,17.15,0.03,1,204000,19,3506070
2016-11-24,17.09,17.15,17.15,17.06,-0.04,-1,248000,15,4240230
2016-11-25,17.07,17.18,17.28,17.07,0.03,1,246000,31,4238310
2016-11-28,17.18,17.27,17.34,17.18,0.09,1,266000,22,4595910
2016-11-29,17.34,17.17,17.34,17.15,-0.1,-1,211000,20,3630170
2016-11-30,17.09,17.13,17.15,17.09,-0.04,-1,211000,21,3612580
2016-12-01,17.29,17.29,17.33,17.29,0.16,1,253000,27,4378450
2016-12-02,17.3,17.11,17.3,17.1,-0.18,-1,216000,14,3703590
2016-12-05,17.28,17.05,17.28,17.05,-0.06,-1,213000,35,3641050
2016-12-06,17.05,17.2,17.27,17.05,0.15,1,262000,26,4509900
2016-12-07,17.3,17.25,17.32,17.21,0.05,1,204000,49,3522130
2016-12-08,17.27,17.32,17.33,17.24,0.07,1,462015,47,8002274
2016-12-09,17.32,17.15,17.32,17.05,-0.17,-1,202016,29,3456825
2016-12-12,17.25,17.02,17.25,17.01,-0.13,-1,206000,24,3511170
2016-12-13,17.0,16.83,17.0,16.82,-0.19,-1,201015,34,3386360
2016-12-14,16.75,16.98,17.0,16.75,0.15,1,210000,12,3566560
2016-12-15,16.9,16.69,16.9,16.69,-0.29,-1,256000,34,4278230
2016-12-16,16.66,16.68,16.7,16.6,-0.01,-1,205000,19,3419960
2016-12-19,16.58,16.54,16.58,16.5,-0.14,-1,206000,27,3405140
2016-12-20,16.5,16.48,16.55,16.46,-0.06,-1,202000,16,3331110
2016-12-21,16.46,16.55,16.58,16.46,0.07,1,208000,15,3440230
2016-12-22,16.5,16.38,16.54,16.35,-0.17,-1,201000,19,3306130
2016-12-23,16.3,16.38,16.39,16.3,0.0,0,202000,18,3308430
2016-12-26,16.33,16.36,16.36,16.33,-0.02,-1,203000,8,3319310
2016-12-27,16.47,16.47,16.49,16.46,0.11,1,201000,8,3309990
2016-12-28,16.41,16.49,16.49,16.38,0.02,1,206000,17,3385040
2016-12-29,16.48,16.55,16.61,16.48,0.06,1,652000,42,10802650
2016-12-30,16.62,16.78,16.78,16.62,0.23,1,203000,20,3395180
2017-01-03,16.9,16.94,16.94,16.79,0.16,1,124000,17,2088120
2017-01-04,16.9,16.88,16.93,16.88,-0.06,-1,54000,9,913120
2017-01-05,16.88,17.04,17.04,16.88,0.16,1,65000,16,1104500
2017-01-06,17.04,16.97,17.04,16.97,-0.07,-1,44000,13,748630
2017-01-09,17.0,17.04,17.06,17.0,0.07,1,119000,17,2028070
2017-01-10,17.04,17.12,17.13,17.04,0.08,1,72000,14,1230650
2017-01-11,17.19,17.22,17.26,17.19,0.1,1,48000,11,827380
2017-01-12,17.05,17.15,17.25,17.05,-0.07,-1,111000,17,1907490
2017-01-13,17.12,17.17,17.17,17.12,0.02,1,137000,8,2352080
2017-01-16,17.15,16.94,17.15,16.93,-0.23,-1,121000,10,2051380
2017-01-17,17.03,17.03,17.04,17.0,0.09,1,123000,6,2094670
