date,OP,CP,HP,LP,DF,RD,TV,TC,TO
2016-05-09,19.67,19.68,19.74,19.63,-0.28,-1,4557000,463,89648810
2016-05-10,19.56,19.21,19.6,19.19,-0.47,-1,2419000,299,46893710
2016-05-11,19.0,19.12,19.24,18.91,-0.09,-1,4921000,454,94157080
2016-05-12,19.35,19.16,19.39,19.13,0.04,1,698000,111,13441860
2016-05-13,19.3,19.36,19.39,19.3,0.2,1,1302000,117,25177960
2016-05-16,19.19,19.36,19.4,19.11,0.0,0,1192000,68,22929730
2016-05-17,19.25,19.18,19.26,19.16,-0.18,-1,488000,46,9364910
2016-05-18,19.22,19.17,19.27,18.95,-0.01,-1,749000,108,14334940
2016-05-19,19.04,19.09,19.18,19.02,-0.08,-1,2182000,55,41718540
2016-05-20,19.12,19.02,19.15,18.98,-0.07,-1,900000,50,17127420
2016-05-23,19.22,19.13,19.38,19.09,0.11,1,2669000,141,51280420
2016-05-24,19.27,19.28,19.31,19.23,0.15,1,663000,57,12765430
2016-05-25,19.01,18.97,19.02,18.95,-0.31,-1,1493000,128,28340480
2016-05-26,18.88,18.92,18.95,18.86,-0.05,-1,727000,74,13744090
2016-05-27,18.88,18.92,18.95,18.85,0.0,0,905000,43,17088620
2016-05-30,18.82,18.7,18.82,18.68,-0.22,-1,1258000,92,23582410
2016-05-31,18.66,18.45,18.66,18.45,-0.25,-1,759000,94,14072600
2016-06-01,18.65,18.77,18.77,18.58,0.32,1,711000,59,13258110
2016-06-02,19.1,19.17,19.23,19.05,0.4,1,871000,169,16649280
2016-06-03,19.13,19.15,19.2,19.07,-0.02,-1,759000,54,14541000
2016-06-04,19.34,19.42,19.42,19.34,0.27,1,480000,131,9305280
2016-06-06,19.41,19.23,19.41,19.22,-0.19,-1,2468000,74,47580140
2016-06-07,19.19,19.08,19.2,19.06,-0.15,-1,977000,39,18684790
2016-06-08,19.01,18.96,19.17,18.96,-0.12,-1,616000,45,11733630
2016-06-13,19.47,19.72,19.74,19.47,0.76,1,1767000,253,34739890
2016-06-14,20.0,20.0,20.09,19.94,0.28,1,2694000,458,53981880
2016-06-15,20.04,19.86,20.05,19.81,-0.14,-1,580000,50,11538210
2016-06-16,20.06,20.55,20.55,20.05,0.69,1,3226000,284,65379200
2016-06-17,20.17,20.33,20.35,20.1,-0.22,-1,443000,79,8971660
2016-06-20,19.86,19.86,19.95,19.81,-0.47,-1,429000,52,8526320
2016-06-21,19.9,19.61,19.9,19.6,-0.25,-1,499000,64,9864900
2016-06-22,19.78,19.75,19.82,19.62,0.14,1,458000,44,9049780
2016-06-23,19.66,19.57,19.69,19.55,-0.18,-1,171000,28,3357330
2016-06-24,19.53,21.18,21.18,19.48,1.61,1,8837000,455,176963950
2016-06-27,21.18,20.67,21.18,20.67,-0.51,-1,975000,97,20381120
2016-06-28,21.01,20.53,21.04,20.5,-0.14,-1,1019000,92,21135090
2016-06-29,20.52,20.23,20.52,20.21,-0.3,-1,1676000,112,34026050
2016-06-30,20.09,20.19,20.22,20.07,-0.04,-1,682000,61,13742160
2016-07-01,20.09,20.17,20.17,20.02,-0.02,-1,328000,32,6595690
2016-07-04,20.14,20.01,20.14,19.98,-0.16,-1,472000,30,9463570
2016-07-05,20.12,20.17,20.23,20.12,0.16,1,570000,27,11501440
2016-07-06,20.55,20.66,20.78,20.55,0.49,1,2587000,113,53488450
2016-07-07,20.58,20.59,20.65,20.51,-0.07,-1,761000,37,15659110
2016-07-11,20.24,19.93,20.25,19.93,-0.66,-1,1280000,96,25784280
2016-07-12,19.41,19.55,19.56,19.38,-0.38,-1,1077000,138,20947740
2016-07-13,19.17,19.39,19.43,19.17,-0.16,-1,897000,140,17289360
2016-07-14,19.38,19.27,19.39,19.21,-0.12,-1,1196000,103,23116180
2016-07-15,19.16,19.15,19.17,18.99,-0.12,-1,1472000,165,28104990
2016-07-18,19.01,19.03,19.07,18.98,-0.12,-1,706000,31,13427960
2016-07-19,19.06,18.88,19.08,18.88,-0.15,-1,1494000,95,28376480
2016-07-20,19.01,18.91,19.05,18.9,0.03,1,916000,55,17374500
2016-07-21,18.65,18.8,18.83,18.61,-0.11,-1,256000,74,4787440
2016-07-22,18.96,19.03,19.03,18.91,0.23,1,335000,56,6354040
2016-07-25,18.89,18.95,18.95,18.79,-0.08,-1,943000,61,17813580
2016-07-26,19.24,19.25,19.32,19.2,0.3,1,1058000,126,20369830
2016-07-27,19.01,18.86,19.04,18.72,-0.39,-1,3592000,297,67672950
2016-07-28,19.1,19.09,19.15,19.03,0.23,1,894000,91,17083720
2016-07-29,19.18,19.13,19.48,18.89,0.04,1,3459000,298,66186360
2016-08-01,19.11,18.95,19.13,18.88,-0.18,-1,1051000,91,19959340
2016-08-02,19.08,19.15,19.17,19.05,0.2,1,442000,41,8444320
2016-08-03,19.46,19.53,19.59,19.35,0.38,1,1133000,139,22072050
2016-08-04,19.49,19.46,19.77,19.36,-0.07,-1,1200000,130,23513500
2016-08-05,19.33,19.35,19.4,19.31,-0.11,-1,962000,56,18620780
2016-08-08,18.98,18.94,19.0,18.93,-0.41,-1,779000,115,14780650
2016-08-09,18.9,18.78,18.92,18.75,-0.16,-1,556000,108,10473670
2016-08-10,18.87,18.78,18.88,18.69,0.0,0,306000,46,5763740
2016-08-11,18.87,18.8,18.92,18.8,0.02,1,259000,19,4879420
2016-08-12,18.64,18.58,18.66,18.56,-0.22,-1,1173000,87,21831120
2016-08-15,18.6,18.61,18.65,18.58,0.03,1,285000,29,5303700
2016-08-16,18.69,18.84,18.88,18.67,0.23,1,839000,90,15761490
2016-08-17,18.85,18.77,18.87,18.77,-0.07,-1,144000,31,2712940
2016-08-18,18.86,18.94,18.95,18.79,0.17,1,495000,45,9358340
2016-08-19,18.95,19.01,19.09,18.93,0.07,1,1525000,83,29020020
2016-08-22,18.95,18.94,18.97,18.93,-0.07,-1,614000,28,11638650
2016-08-23,18.99,19.08,19.1,18.86,0.14,1,839000,41,15936320
2016-08-24,18.89,18.94,18.97,18.89,-0.14,-1,40000,19,758110
2016-08-25,18.98,18.97,18.98,18.88,0.03,1,208000,18,3940360
2016-08-26,19.16,19.15,19.2,19.12,0.18,1,717000,63,13737980
2016-08-29,18.78,18.75,18.78,18.7,-0.4,-1,446000,98,8354160
2016-08-30,18.76,18.75,18.76,18.73,0.0,0,152000,11,2849380
2016-08-31,18.59,18.56,18.61,18.55,-0.19,-1,516000,65,9591120
2016-09-01,18.55,18.55,18.59,18.52,-0.01,-1,692000,31,12849900
2016-09-02,18.55,18.55,18.6,18.52,0.0,0,479000,28,8891490
2016-09-05,18.33,18.4,18.4,18.29,-0.15,-1,681000,81,12486260
2016-09-06,18.36,18.34,18.38,18.34,-0.06,-1,694000,49,12740880
2016-09-07,18.5,18.48,18.53,18.47,0.14,1,360000,43,6660710
2016-09-08,18.48,18.52,18.6,18.47,0.04,1,297000,26,5505230
2016-09-09,18.52,18.47,18.54,18.44,-0.05,-1,183000,23,3386720
2016-09-10,18.66,18.7,18.7,18.54,0.23,1,238000,63,4434430
2016-09-12,18.67,18.83,18.87,18.67,0.13,1,1865000,105,34966410
2016-09-13,18.76,18.7,18.79,18.69,-0.13,-1,697000,38,13073850
2016-09-14,18.82,18.82,18.84,18.74,0.12,1,835000,47,15691450
2016-09-19,19.06,19.06,19.09,19.05,0.24,1,1042000,117,19868650
2016-09-20,18.97,19.04,19.04,18.9,-0.02,-1,1006000,26,19069570
2016-09-21,19.08,18.67,19.1,18.67,-0.37,-1,878000,94,16631840
2016-09-22,18.8,18.77,18.81,18.74,0.1,1,230000,34,4314480
2016-09-23,18.69,18.69,18.69,18.64,-0.08,-1,327000,26,6103910
2016-09-26,18.81,18.86,18.86,18.81,0.17,1,282000,40,5310810
2016-09-29,18.67,18.56,18.67,18.56,-0.3,-1,316000,53,5879030
2016-09-30,18.9,18.85,18.92,18.83,0.29,1,568000,69,10714230
2016-10-03,18.72,18.68,18.72,18.65,-0.17,-1,249000,39,4650090
2016-10-04,18.59,18.56,18.61,18.54,-0.12,-1,217000,36,4027470
2016-10-05,18.5,18.47,18.5,18.42,-0.09,-1,134000,58,2473400
2016-10-06,18.33,18.32,18.35,18.3,-0.15,-1,271000,61,4965970
2016-10-07,18.39,18.43,18.44,18.39,0.11,1,132000,17,2430530
2016-10-11,18.23,18.24,18.25,18.19,-0.19,-1,432000,61,7871730
2016-10-12,18.31,18.33,18.38,18.3,0.09,1,252000,43,4620640
2016-10-13,18.3,18.49,18.56,18.3,0.16,1,541000,53,10002540
2016-10-14,18.5,18.4,18.51,18.39,-0.09,-1,335000,38,6184980
2016-10-17,18.33,18.37,18.4,18.33,-0.03,-1,280000,33,5139000
2016-10-18,18.36,18.3,18.36,18.3,-0.07,-1,198000,30,3628150
2016-10-19,18.29,18.27,18.29,18.23,-0.03,-1,35000,20,639040
2016-10-20,18.12,18.03,18.12,18.01,-0.24,-1,435000,112,7851260
2016-10-21,17.99,18.0,18.0,17.93,-0.03,-1,218000,64,3917070
2016-10-24,18.04,18.01,18.05,17.98,0.01,1,355000,40,6392120
2016-10-25,17.83,17.85,17.88,17.82,-0.16,-1,101000,46,1802350
2016-10-26,17.89,17.84,17.89,17.83,-0.01,-1,269000,35,4802750
2016-10-27,17.84,17.88,17.94,17.8,0.04,1,1276000,38,22858460
2016-10-28,17.8,17.74,17.8,17.74,-0.14,-1,1203000,59,21363600
2016-10-31,17.87,17.78,17.88,17.78,0.04,1,59000,20,1052050
2016-11-01,17.85,17.77,17.85,17.72,-0.01,-1,350000,19,6207270
2016-11-02,17.93,18.08,18.1,17.93,0.31,1,589000,72,10612860
2016-11-03,18.1,18.23,18.28,18.09,0.15,1,816000,65,14846030
2016-11-04,18.39,18.34,18.39,18.26,0.11,1,621000,59,11389820
2016-11-07,18.04,18.01,18.11,18.01,-0.33,-1,674000,49,12174720
2016-11-08,18.0,18.0,18.06,18.0,-0.01,-1,275000,21,4957340
2016-11-09,17.85,18.92,19.06,17.76,0.92,1,2286000,247,41954060
2016-11-10,18.02,17.73,18.02,17.71,-1.19,-1,1223000,289,21817080
2016-11-11,17.55,17.67,17.7,17.5,-0.06,-1,1556000,218,27400490
2016-11-14,17.47,17.37,17.47,17.37,-0.3,-1,1232000,172,21470910
2016-11-15,17.45,17.41,17.45,17.38,0.04,1,117000,43,2037330
2016-11-16,17.24,17.21,17.26,17.19,-0.2,-1,1170000,158,20163160
2016-11-17,17.25,17.22,17.29,17.2,0.01,1,344000,41,5931080
2016-11-18,17.09,17.08,17.1,17.06,-0.14,-1,342000,92,5838320
2016-11-21,17.06,16.99,17.06,16.99,-0.09,-1,401000,72,6829830
2016-11-22,16.99,16.93,17.02,16.91,-0.06,-1,315000,82,5342870
2016-11-23,16.93,16.89,16.93,16.88,-0.04,-1,608000,192,10272050
2016-11-24,16.78,16.75,16.79,16.72,-0.14,-1,410000,120,6870290
2016-11-25,16.71,16.79,16.81,16.65,0.04,1,802000,71,13390020
2016-11-28,16.88,16.78,16.89,16.77,-0.01,-1,600000,86,10114590
2016-11-29,16.8,16.8,16.83,16.78,0.02,1,610000,47,10258700
2016-11-30,16.78,16.78,16.82,16.77,-0.02,-1,254000,32,4267230
2016-12-01,16.52,16.62,16.62,16.41,-0.16,-1,1224000,226,20163250
2016-12-02,16.73,16.74,16.8,16.69,0.12,1,1079000,122,18069590
2016-12-05,16.79,16.84,16.86,16.76,0.1,1,456000,69,7666710
2016-12-06,16.68,16.76,16.78,16.67,-0.08,-1,972000,73,16248260
2016-12-07,16.63,16.66,16.69,16.63,-0.1,-1,750000,57,12505380
2016-12-08,16.51,16.44,16.51,16.44,-0.22,-1,438000,109,7218240
2016-12-09,16.28,16.21,16.28,16.2,-0.23,-1,1008000,150,16354600
2016-12-12,15.99,16.04,16.13,15.97,-0.17,-1,656000,132,10535500
2016-12-13,16.1,16.02,16.11,16.02,-0.02,-1,128300,52,2060180
2016-12-14,16.0,15.98,16.04,15.98,-0.04,-1,279000,51,4465130
2016-12-15,15.96,15.94,16.07,15.91,-0.04,-1,500000,77,7979690
2016-12-16,15.91,15.89,15.93,15.88,-0.05,-1,379000,58,6027250
2016-12-19,15.96,15.92,15.97,15.92,0.03,1,873000,100,13917340
2016-12-20,15.9,15.82,15.93,15.82,-0.1,-1,636000,67,10086490
2016-12-21,15.78,15.87,15.92,15.76,0.05,1,333000,68,5266170
2016-12-22,15.91,15.94,15.95,15.89,0.07,1,381000,58,6067380
2016-12-23,15.89,15.93,15.93,15.88,-0.01,-1,354000,29,5628060
2016-12-26,15.95,15.9,15.95,15.9,-0.03,-1,45700,19,727340
2016-12-27,15.86,15.91,15.91,15.84,0.01,1,226000,37,3584170
2016-12-28,15.88,15.85,15.88,15.84,-0.06,-1,264000,33,4188120
2016-12-29,15.98,16.05,16.09,15.98,0.2,1,820000,102,13143920
2016-12-30,16.16,16.04,16.17,16.03,-0.01,-1,516000,64,8317390
2017-01-03,16.03,16.01,16.04,16.0,-0.03,-1,113000,20,1810420
2017-01-04,15.85,15.74,15.85,15.73,-0.27,-1,485000,171,7656600
2017-01-05,15.76,15.8,15.81,15.73,0.06,1,243000,42,3833330
2017-01-06,15.81,15.82,15.85,15.8,0.02,1,155000,29,2452230
2017-01-09,15.78,15.65,15.78,15.64,-0.17,-1,196000,71,3073600
2017-01-10,15.85,15.91,15.95,15.79,0.26,1,293000,79,4655000
2017-01-11,15.85,15.88,15.9,15.85,-0.03,-1,132000,18,2095350
2017-01-12,16.05,16.02,16.1,15.99,0.14,1,563000,92,9032290
2017-01-13,16.0,15.93,16.0,15.91,-0.09,-1,335000,46,5343000
2017-01-16,16.03,16.08,16.09,16.02,0.15,1,250000,33,4018370
2017-01-17,16.2,16.24,16.25,16.11,0.16,1,570000,81,9222810
2017-01-18,16.43,16.18,16.45,16.18,-0.06,-1,386000,82,6310950
2017-01-19,16.08,16.03,16.12,16.02,-0.15,-1,181000,47,2908770
2017-01-20,16.04,16.01,16.08,15.99,-0.02,-1,107000,23,1716510
2017-01-23,16.15,16.14,16.19,16.14,0.13,1,294000,31,4754750
2017-01-24,16.23,16.26,16.29,16.19,0.12,1,302000,55,4903690
2017-02-02,16.04,16.13,16.13,16.01,-0.13,-1,66000,31,1059890
2017-02-03,16.05,16.16,16.23,16.05,0.03,1,143000,25,2311250
2017-02-06,16.16,16.13,16.16,16.1,-0.03,-1,47000,14,758170
2017-02-07,16.21,16.12,16.23,16.12,-0.01,-1,259000,25,4181100
2017-02-08,16.14,16.14,16.2,16.14,0.02,1,344000,25,5558050
2017-02-09,16.17,16.15,16.17,16.09,0.01,1,174000,24,2806900
2017-02-10,15.88,15.81,15.88,15.78,-0.34,-1,416000,126,6578220
2017-02-13,15.73,15.71,15.73,15.68,-0.1,-1,441000,61,6924520
2017-02-14,15.72,15.76,15.81,15.69,0.05,1,157000,26,2472750
2017-02-15,15.68,15.7,15.72,15.67,-0.06,-1,71000,25,1113910
2017-02-16,15.71,15.8,15.83,15.71,0.1,1,104000,19,1641470
2017-02-17,15.88,15.89,15.89,15.85,0.09,1,183000,29,2904900
2017-02-18,,,,,0.0,0,0,0,0
2017-02-20,15.91,15.86,15.93,15.85,0.0,0,119000,14,1890790
2017-02-21,15.79,15.74,15.79,15.74,-0.12,-1,79000,16,1245610
2017-02-22,15.73,15.75,15.77,15.73,0.01,1,109000,15,1715400
2017-02-23,15.83,15.78,15.83,15.75,0.03,1,31000,7,489560
2017-02-24,15.76,15.81,15.84,15.73,0.03,1,113000,11,1786670
2017-03-01,15.76,15.71,15.84,15.71,-0.1,-1,285000,25,4494730
2017-03-02,15.54,15.56,15.57,15.52,-0.15,-1,181000,47,2813450
2017-03-03,15.61,15.68,15.68,15.58,0.12,1,252000,32,3941000
2017-03-06,15.71,15.68,15.73,15.68,0.0,0,240000,19,3769380
2017-03-07,15.73,15.73,15.73,15.72,0.05,1,33000,6,518880
2017-03-08,15.81,15.8,15.85,15.8,0.07,1,146000,18,2309170
2017-03-09,15.76,15.77,15.78,15.75,-0.03,-1,26000,9,409850
2017-03-10,15.6,15.54,15.6,15.53,-0.23,-1,142000,45,2208740
2017-03-13,15.52,15.52,15.52,15.48,-0.02,-1,88000,25,1364770
2017-03-14,15.52,15.49,15.52,15.49,-0.03,-1,111000,16,1721300
2017-03-15,15.56,15.55,15.58,15.54,0.06,1,32000,8,497850
2017-03-16,15.56,15.54,15.56,15.51,-0.01,-1,91000,12,1412790
2017-03-17,15.56,15.56,15.58,15.56,0.02,1,91000,13,1416170
2017-03-20,15.63,15.64,15.64,15.62,0.08,1,48000,14,750200
2017-03-21,15.68,15.61,15.68,15.58,-0.03,-1,204000,23,3184730
2017-03-22,15.85,15.91,15.93,15.85,0.3,1,332000,67,5276390
2017-03-23,15.97,15.93,16.0,15.91,0.02,1,375000,46,5986040
2017-03-24,15.82,15.79,15.83,15.75,-0.14,-1,181000,18,2858700
2017-03-27,16.0,15.99,16.03,15.96,0.2,1,249000,30,3983970
2017-03-28,15.8,15.84,15.86,15.8,-0.15,-1,67000,16,1060590
2017-03-29,15.72,15.71,15.75,15.7,-0.13,-1,149000,31,2342340
2017-03-30,15.71,15.84,15.84,15.71,0.13,1,89000,14,1403390
2017-03-31,15.73,15.81,15.82,15.71,-0.03,-1,159000,29,2505750
2017-04-05,15.97,16.0,16.05,15.95,0.19,1,458000,66,7337180
2017-04-06,16.1,16.18,16.23,16.1,0.18,1,351000,68,5678130
2017-04-07,16.08,16.08,16.25,16.04,-0.1,-1,983000,77,15845010
2017-04-10,16.01,16.0,16.06,16.0,-0.08,-1,55000,12,880900
2017-04-11,16.05,16.08,16.1,16.05,0.08,1,191000,26,3070500
2017-04-12,16.23,16.32,16.32,16.23,0.24,1,994000,100,16191470
2017-04-13,16.47,16.42,16.47,16.4,0.1,1,758000,130,12464450
2017-04-14,16.42,16.44,16.45,16.41,0.02,1,134000,32,2201470
2017-04-17,16.51,16.41,16.54,16.41,-0.03,-1,372000,38,6115700
2017-04-18,16.3,16.39,16.42,16.3,-0.02,-1,519000,34,8489750
2017-04-19,16.4,16.37,16.44,16.37,-0.02,-1,138000,15,2265700
2017-04-20,16.36,16.35,16.36,16.31,-0.02,-1,353000,31,5766350
2017-04-21,16.26,16.21,16.26,16.21,-0.14,-1,148000,15,2405830
2017-04-24,15.99,15.97,15.99,15.97,-0.24,-1,227000,33,3627810
2017-04-25,15.89,15.82,15.92,15.79,-0.15,-1,382000,37,6040260
2017-04-26,15.68,15.63,15.69,15.63,-0.19,-1,353000,52,5528380
2017-04-27,15.64,15.68,15.68,15.64,0.05,1,762000,47,11931490
2017-04-28,15.68,15.73,15.74,15.68,0.05,1,99000,13,1555930
2017-05-02,15.53,15.53,15.53,15.49,-0.2,-1,784000,74,12160900
