date,OP,CP,HP,LP,DF,RD,TV,TC,TO
2016-03-18,20.01,20.39,20.6,19.97,0.22,1,20313000,2853,410766800
2016-03-21,20.59,21.27,21.54,20.5,0.88,1,15712000,1332,330556000
2016-03-22,21.5,21.07,21.5,20.83,-0.2,-1,8754000,890,185583390
2016-03-23,20.96,20.75,21.18,20.63,-0.32,-1,9101000,624,190284250
2016-03-24,20.82,20.64,20.82,20.23,-0.11,-1,9728000,591,199471260
2016-03-25,20.39,20.54,20.65,20.3,-0.1,-1,6487000,433,132678230
2016-03-28,20.59,20.5,21.01,20.5,-0.04,-1,6418000,460,133253090
2016-03-29,20.5,19.95,20.5,19.87,-0.55,-1,8640000,620,174101310
2016-03-30,20.12,20.43,20.6,20.08,0.48,1,5461000,496,111030070
2016-03-31,21.01,20.76,21.13,20.53,0.33,1,4690000,594,97894490
2016-04-01,20.53,20.26,20.81,19.95,-0.5,-1,8119000,836,165692860
2016-04-06,20.48,20.74,20.87,20.48,0.48,1,6071000,564,125968190
2016-04-07,20.93,20.38,21.06,20.36,-0.36,-1,10457000,734,217116610
2016-04-08,20.15,20.24,20.24,19.95,-0.14,-1,11363000,781,228241330
2016-04-11,20.39,20.76,20.9,20.24,0.52,1,14806000,606,305164560
2016-04-12,20.6,20.4,20.66,20.37,-0.36,-1,7214000,360,148029130
2016-04-13,20.72,21.4,21.52,20.72,1.0,1,11752000,845,248777870
2016-04-14,21.42,21.02,21.6,21.02,-0.38,-1,7672000,678,163596430
2016-04-15,21.26,21.21,21.39,21.03,0.19,1,5950000,346,126281300
2016-04-18,20.98,20.78,21.0,20.65,-0.43,-1,8418000,457,175123780
2016-04-19,21.13,20.77,21.2,20.71,-0.01,-1,5676000,398,118372630
2016-04-20,20.93,19.77,21.13,19.55,-1.0,-1,24789000,1413,500985920
2016-04-21,20.25,20.42,20.67,20.18,0.65,1,5221000,677,106756690
2016-04-22,20.21,20.68,20.83,20.21,0.26,1,9570000,564,196955120
2016-04-25,20.74,20.68,20.74,20.25,0.0,0,8282000,306,169577780
2016-04-26,20.57,20.59,20.95,20.51,-0.09,-1,5077000,308,105310190
2016-04-27,20.78,20.74,20.91,20.68,0.15,1,3284000,246,68283810
2016-04-28,20.81,20.41,20.81,20.28,-0.33,-1,8535000,392,175289070
2016-04-29,20.34,20.4,20.53,20.31,-0.01,-1,4830000,187,98557650
2016-05-03,20.41,20.94,21.05,20.23,0.54,1,9098000,570,188095050
2016-05-04,20.72,20.65,20.77,20.55,-0.29,-1,5382000,303,111157530
2016-05-05,20.65,20.59,20.67,20.45,-0.06,-1,2364000,168,48567070
2016-05-06,20.61,20.14,20.65,19.98,-0.45,-1,7822000,535,157998080
2016-05-09,20.0,19.36,20.0,19.29,-0.78,-1,12771000,814,249595860
2016-05-10,19.07,19.28,19.39,18.92,-0.08,-1,6242000,416,119580720
2016-05-11,19.5,19.36,19.5,19.15,0.08,1,5891000,280,114069350
2016-05-12,19.18,19.34,19.36,18.96,-0.02,-1,7542000,290,144672830
2016-05-13,19.39,19.35,19.53,19.26,0.01,1,4128000,162,80126340
2016-05-16,19.31,19.36,19.54,19.17,0.01,1,6109000,212,118097040
2016-05-17,19.5,19.26,19.54,19.19,-0.1,-1,2206000,233,42764470
2016-05-18,19.28,18.81,19.3,18.68,-0.45,-1,2880000,653,54704100
2016-05-19,19.15,19.4,19.45,19.09,0.59,1,4547000,574,87577980
2016-05-20,19.37,19.5,19.6,19.29,0.1,1,2845000,245,55437400
2016-05-23,19.66,19.63,19.89,19.56,0.13,1,4003000,290,78943550
2016-05-24,19.59,19.29,19.59,19.22,-0.34,-1,3232000,252,62822540
2016-05-25,19.5,19.59,19.74,19.5,0.3,1,1481000,250,29072440
2016-05-26,19.58,19.36,19.74,19.23,-0.23,-1,4516000,325,87669610
2016-05-27,19.42,19.45,19.61,19.36,0.09,1,1253000,194,24341650
2016-05-30,19.53,19.64,19.84,19.3,0.19,1,3405000,317,66932850
2016-05-31,19.72,20.89,20.92,19.7,1.25,1,10462000,863,215322370
2016-06-01,21.21,20.88,21.3,20.88,-0.01,-1,2857000,464,60188550
2016-06-02,20.85,20.63,20.9,20.59,-0.25,-1,1218000,227,25273470
2016-06-03,20.87,20.71,20.99,20.67,0.08,1,3957000,265,82351420
2016-06-04,20.74,20.86,20.86,20.74,0.15,1,335000,78,6979920
2016-06-06,20.92,20.59,21.0,20.51,-0.27,-1,4695000,260,97699130
2016-06-07,20.73,20.68,20.94,20.61,0.09,1,2110000,169,43824020
2016-06-08,20.72,20.55,20.8,20.33,-0.13,-1,3471000,249,71406760
2016-06-13,19.81,20.05,20.23,19.81,-0.5,-1,5621000,280,112577050
2016-06-14,19.48,19.76,19.77,19.4,-0.29,-1,3971000,390,77683700
2016-06-15,19.18,19.73,20.0,18.9,-0.03,-1,7331000,511,142296920
2016-06-16,19.7,19.7,19.79,19.52,-0.03,-1,3146000,215,61776940
2016-06-17,19.83,20.02,20.21,19.75,0.32,1,3882000,311,77766500
2016-06-20,20.01,19.88,20.29,19.7,-0.14,-1,5801000,280,116162480
2016-06-21,19.98,20.06,20.44,19.94,0.18,1,5708000,355,115223280
2016-06-22,19.99,20.06,20.18,19.86,0.0,0,8281000,299,165958300
2016-06-23,20.21,19.95,20.34,19.87,-0.11,-1,4576000,313,91625640
2016-06-24,20.07,19.53,20.25,18.99,-0.42,-1,24036000,912,473185780
2016-06-27,19.49,19.87,19.88,19.34,0.34,1,10066000,371,197045760
2016-06-28,19.6,19.77,19.9,19.6,-0.1,-1,4527000,207,89484980
2016-06-29,20.18,20.19,20.39,20.08,0.42,1,6203000,425,125424630
2016-06-30,20.69,20.54,20.69,20.44,0.35,1,4916000,412,101006110
2016-07-01,20.69,20.6,20.79,20.6,0.06,1,6243000,292,129211550
2016-07-04,20.66,21.25,21.44,20.62,0.65,1,8631000,622,181749510
2016-07-05,21.27,21.23,21.33,21.13,-0.02,-1,5474000,351,116137560
2016-07-06,21.08,21.02,21.08,20.81,-0.21,-1,5942000,391,124344580
2016-07-07,21.18,21.06,21.22,20.96,0.04,1,3487000,275,73583020
2016-07-11,21.15,21.56,21.58,21.12,0.5,1,6157000,494,131634750
2016-07-12,21.5,21.45,21.65,21.27,-0.11,-1,5207000,407,111402430
2016-07-13,22.13,22.23,22.52,22.03,0.78,1,10440000,771,232306840
2016-07-14,22.15,22.07,22.25,22.01,-0.16,-1,4687000,334,103628940
2016-07-15,22.2,22.07,22.22,22.06,0.0,0,4336000,270,95987690
2016-07-18,22.1,22.29,22.47,22.07,0.22,1,11205000,490,249316590
2016-07-19,22.21,21.86,22.31,21.7,-0.43,-1,11637000,669,255993520
2016-07-20,21.76,21.73,21.94,21.63,-0.13,-1,6648000,300,144667180
2016-07-21,21.76,22.02,22.11,21.76,0.29,1,6103000,365,133925900
2016-07-22,21.88,21.59,21.9,21.56,-0.43,-1,8542000,435,185422770
2016-07-25,21.47,21.56,21.69,21.47,-0.03,-1,4541000,249,97963370
2016-07-26,21.5,21.77,21.8,21.35,0.21,1,6751000,376,145761400
2016-07-27,21.94,21.23,22.04,20.91,-0.54,-1,9984000,669,214339130
2016-07-28,21.42,21.57,21.69,21.37,0.34,1,5765000,397,124034160
2016-07-29,21.57,21.54,21.65,21.45,-0.03,-1,5271000,214,113681150
2016-08-01,21.58,21.31,21.61,21.25,-0.23,-1,5322000,276,114021620
2016-08-02,21.33,21.23,21.46,21.22,-0.08,-1,2647000,162,56471420
2016-08-03,21.23,21.29,21.4,21.07,0.06,1,4744000,297,100634010
2016-08-04,21.29,21.1,21.34,20.95,-0.19,-1,2243000,312,47391310
2016-08-05,21.12,21.36,21.37,21.12,0.26,1,2039000,168,43374030
2016-08-08,21.38,21.37,21.45,21.12,0.01,1,3497000,212,74497530
2016-08-09,21.51,21.73,21.75,21.47,0.36,1,1850000,289,39968050
2016-08-10,21.85,21.81,21.9,21.72,0.08,1,5158000,231,112548760
2016-08-11,21.86,22.28,22.54,21.73,0.47,1,7345000,427,163558050
2016-08-12,22.15,22.23,22.32,22.03,-0.05,-1,3586000,255,79358350
2016-08-15,22.89,24.45,24.59,22.78,2.22,1,9289000,851,218475880
2016-08-16,24.59,23.67,24.62,23.48,-0.78,-1,12440000,1216,298349840
2016-08-17,23.88,23.6,23.91,23.33,-0.07,-1,5502000,599,129940130
2016-08-18,23.44,23.47,23.86,23.4,-0.13,-1,4870000,402,115207630
2016-08-19,23.19,23.2,23.38,23.06,-0.27,-1,5323000,524,123381970
2016-08-22,23.27,23.18,23.45,23.05,-0.02,-1,6700000,273,155487040
2016-08-23,23.2,23.39,23.6,23.15,0.21,1,1982000,326,46340040
2016-08-24,23.32,23.05,23.35,22.93,-0.34,-1,6392000,466,148363890
2016-08-25,23.0,22.75,23.08,22.56,-0.3,-1,6070000,539,138338570
2016-08-26,22.82,22.88,23.0,22.8,0.13,1,3905000,249,89494630
2016-08-29,22.79,22.69,22.84,22.41,-0.19,-1,3682000,352,83308920
2016-08-30,22.71,22.98,22.99,22.69,0.29,1,3403000,198,77603810
2016-08-31,22.8,23.05,23.16,22.77,0.07,1,3624000,285,83168370
2016-09-01,23.05,22.97,23.09,22.88,-0.08,-1,2065000,182,47459450
2016-09-02,22.78,22.87,23.02,22.74,-0.1,-1,3089000,208,70682350
2016-09-05,22.92,23.16,23.37,22.92,0.29,1,2226000,249,51678720
2016-09-06,23.19,23.05,23.21,22.82,-0.11,-1,2987000,254,68612650
2016-09-07,23.18,23.18,23.3,23.08,0.13,1,2476000,209,57396260
2016-09-08,23.03,23.08,23.15,23.03,-0.1,-1,1756000,115,40547260
2016-09-09,23.14,23.15,23.24,23.05,0.07,1,2179000,146,50437770
2016-09-10,22.68,22.47,22.7,22.4,-0.68,-1,908000,295,20443710
2016-09-12,22.5,22.0,22.51,21.93,-0.47,-1,4653000,489,103389810
2016-09-13,22.11,22.07,22.27,22.04,0.07,1,2664000,204,59102920
2016-09-14,21.88,21.88,22.01,21.81,-0.19,-1,2031000,215,44465510
2016-09-19,22.1,22.05,22.1,21.85,0.17,1,2533000,173,55654650
2016-09-20,22.08,21.9,22.13,21.86,-0.15,-1,1634000,143,35968930
2016-09-21,21.95,21.95,22.04,21.8,0.05,1,1969000,169,43155840
2016-09-22,22.25,22.25,22.46,22.08,0.3,1,1844000,281,41009720
2016-09-23,22.39,22.16,22.39,22.16,-0.09,-1,1389000,133,30907350
2016-09-26,22.1,21.89,22.1,21.8,-0.27,-1,1903000,197,41669610
2016-09-29,21.75,21.81,21.91,21.69,-0.08,-1,2582000,216,56260780
2016-09-30,21.71,21.77,21.84,21.61,-0.04,-1,1905000,159,41379710
2016-10-03,21.81,21.73,21.83,21.72,-0.04,-1,1220000,72,26548660
2016-10-04,21.74,21.72,21.76,21.63,-0.01,-1,1437000,59,31230850
2016-10-05,21.75,21.83,21.87,21.72,0.11,1,850000,71,18524140
2016-10-06,21.85,22.0,22.01,21.83,0.17,1,1285000,81,28232200
2016-10-07,22.05,22.04,22.09,21.89,0.04,1,560000,115,12315280
2016-10-11,22.18,22.2,22.39,22.18,0.16,1,1119000,186,24963830
2016-10-12,22.2,22.06,22.2,21.96,-0.14,-1,1554000,132,34317980
2016-10-13,22.05,21.91,22.19,21.91,-0.15,-1,2222000,106,48944130
2016-10-14,21.99,21.98,22.08,21.87,0.07,1,1898000,113,41745490
2016-10-17,22.26,22.09,22.26,22.06,0.11,1,2242000,139,49591120
2016-10-18,21.81,22.14,22.14,21.79,0.05,1,1602000,164,35138170
2016-10-19,22.52,22.37,22.6,22.37,0.23,1,2383000,261,53619160
2016-10-20,22.4,22.46,22.55,22.39,0.09,1,1351000,108,30328320
2016-10-21,22.47,22.47,22.9,22.44,0.01,1,2032000,263,45910000
2016-10-24,22.61,23.4,23.54,22.61,0.93,1,4646000,548,107134440
2016-10-25,23.44,23.18,23.44,23.18,-0.22,-1,2098000,234,48741230
2016-10-26,23.13,23.04,23.18,23.0,-0.14,-1,1933000,157,44613300
2016-10-27,22.97,22.68,22.97,22.6,-0.36,-1,3437000,372,78181470
2016-10-28,22.76,22.86,23.14,22.7,0.18,1,1972000,232,45240830
2016-10-31,22.86,22.67,22.86,22.42,-0.19,-1,1778000,160,40287920
2016-11-01,22.72,22.93,23.03,22.68,0.26,1,2975000,186,68020790
2016-11-02,22.83,22.6,22.83,22.58,-0.33,-1,1559000,170,35380810
2016-11-03,22.6,23.19,23.19,22.56,0.59,1,2883000,280,65891920
2016-11-04,23.01,23.04,23.27,22.96,-0.15,-1,1491000,216,34531470
2016-11-07,23.03,23.1,23.17,22.91,0.06,1,3122000,216,71957670
2016-11-08,23.21,23.35,23.5,23.1,0.25,1,3301000,297,76999640
2016-11-09,23.36,22.75,23.38,22.15,-0.6,-1,3940000,584,89655250
2016-11-10,23.05,23.38,23.58,23.05,0.63,1,2498000,385,58430850
2016-11-11,23.34,23.61,23.7,23.18,0.23,1,2814000,318,65880940
2016-11-14,23.6,23.96,24.17,23.59,0.35,1,4995000,446,118897420
2016-11-15,23.89,23.72,23.89,23.63,-0.24,-1,911000,192,21640920
2016-11-16,23.77,23.69,23.85,23.65,-0.03,-1,1680000,193,39903650
2016-11-17,23.68,23.6,23.68,23.34,-0.09,-1,779000,180,18318550
2016-11-18,23.66,23.66,23.82,23.59,0.06,1,1301000,131,30813870
2016-11-21,23.61,24.11,24.42,23.56,0.45,1,5160000,555,124382420
2016-11-22,24.22,24.53,24.58,24.2,0.42,1,3479000,336,84894800
2016-11-23,24.71,24.96,25.15,24.55,0.43,1,4346000,527,108514640
2016-11-24,24.95,25.2,25.2,24.79,0.24,1,3403000,372,84998050
2016-11-25,25.15,25.11,25.38,24.89,-0.09,-1,2189000,371,54920910
2016-11-28,25.38,25.94,26.28,25.38,0.83,1,5394004,600,139807636
2016-11-29,26.08,26.25,26.39,25.56,0.31,1,3616000,595,94146290
2016-11-30,26.42,26.01,26.61,25.88,-0.24,-1,4715000,730,123646750
2016-12-01,25.71,25.96,26.43,25.71,-0.05,-1,4451000,611,116281000
2016-12-02,26.05,25.65,26.05,25.41,-0.31,-1,6186000,639,159197950
2016-12-05,25.62,25.03,25.62,24.83,-0.62,-1,4732000,789,118909490
2016-12-06,25.26,25.11,25.29,25.11,0.08,1,3508000,1297,88386550
2016-12-07,25.11,25.04,25.15,24.84,-0.07,-1,3500000,1447,87486230
2016-12-08,25.21,25.09,25.29,25.09,0.05,1,3187000,442,80218740
2016-12-09,25.14,26.16,26.16,25.01,1.07,1,5168000,1457,133006610
2016-12-12,26.14,25.29,26.24,25.07,-0.87,-1,5168000,2054,132022510
2016-12-13,24.99,25.06,25.31,24.85,-0.23,-1,3522000,1815,88239700
2016-12-14,25.06,25.15,25.35,24.98,0.09,1,2584000,1075,64962970
2016-12-15,24.87,24.2,24.87,24.06,-0.95,-1,6447000,1614,157187690
2016-12-16,24.16,23.71,24.19,23.69,-0.49,-1,3865000,1252,92070880
2016-12-19,23.69,23.49,23.73,23.4,-0.22,-1,2235000,1199,52601080
2016-12-20,23.48,22.84,23.48,22.74,-0.65,-1,3487000,1317,80416590
2016-12-21,22.99,23.34,23.42,22.9,0.5,1,2025000,1054,47125380
2016-12-22,23.33,22.97,23.33,22.94,-0.37,-1,2195000,904,50723070
2016-12-23,22.95,22.72,23.06,22.68,-0.25,-1,943000,342,21525060
2016-12-26,22.69,22.57,22.7,22.22,-0.15,-1,2249000,1168,50453440
2016-12-27,23.1,23.05,23.18,22.99,0.48,1,1327000,379,30664500
2016-12-28,23.13,22.8,23.14,22.8,-0.25,-1,1128000,318,25829350
2016-12-29,22.75,22.82,22.92,22.63,0.02,1,1415000,437,32227200
2016-12-30,22.76,22.89,22.98,22.76,0.07,1,1456000,424,33297840
2017-01-03,22.9,23.4,23.58,22.87,0.51,1,2314000,438,54019150
2017-01-04,23.35,23.6,23.63,23.34,0.2,1,1721000,1192,40485560
2017-01-05,23.77,23.79,23.93,23.68,0.19,1,2654000,1290,63220020
2017-01-06,23.83,23.65,23.83,23.61,-0.14,-1,846000,187,20078000
2017-01-09,23.58,23.72,23.82,23.57,0.07,1,978000,207,23193950
2017-01-10,23.67,23.61,23.75,23.5,-0.11,-1,733000,179,17313520
