date,OP,CP,HP,LP,DF,RD,TV,TC,TO
2016-03-29,19.92,20.02,20.02,19.88,0.05,1,9455000,757,188530310
2016-03-30,19.98,19.97,20.0,19.91,-0.05,-1,7133000,338,142279920
2016-03-31,19.88,19.71,19.88,19.7,-0.26,-1,3158000,144,62346120
2016-04-01,19.79,19.86,19.93,19.75,0.15,1,2405000,169,47724340
2016-04-06,20.03,20.18,20.18,20.02,0.32,1,8534000,520,171716980
2016-04-07,20.18,20.22,20.33,20.07,0.04,1,2854000,185,57590110
2016-04-08,20.22,20.3,20.38,20.22,0.08,1,2066000,161,41986730
2016-04-11,20.42,20.32,20.42,20.27,0.02,1,2067000,92,42052240
2016-04-12,20.1,19.95,20.1,19.93,-0.37,-1,3015000,143,60251650
2016-04-13,19.8,19.59,19.8,19.56,-0.36,-1,4008000,206,78806470
2016-04-14,19.58,19.43,19.58,19.38,-0.16,-1,1598015,197,31023375
2016-04-15,19.43,19.35,19.43,19.32,-0.08,-1,2388000,132,46236370
2016-04-18,19.48,19.47,19.56,19.42,0.12,1,2922000,130,56862850
2016-04-19,19.25,19.26,19.34,19.25,-0.21,-1,1986000,281,38339920
2016-04-20,19.4,19.42,19.42,19.25,0.16,1,1755000,94,33970060
2016-04-21,19.29,19.36,19.37,19.24,-0.06,-1,1916000,93,37001190
2016-04-22,19.48,19.4,19.49,19.37,0.04,1,1601000,92,31099930
2016-04-25,19.48,19.56,19.56,19.45,0.16,1,1424000,107,27777740
2016-04-26,19.61,19.57,19.62,19.51,0.01,1,1026000,67,20096890
2016-04-27,19.35,19.27,19.35,19.24,-0.3,-1,1435000,313,27692540
2016-04-28,19.27,19.26,19.28,19.11,-0.01,-1,819000,93,15728920
2016-04-29,19.5,19.52,19.62,19.43,0.26,1,1449000,362,28319640
2016-05-03,19.6,19.52,19.73,19.43,0.0,0,990000,162,19417560
2016-05-04,19.8,19.86,19.92,19.73,0.34,1,924000,167,18338980
2016-05-05,19.92,19.89,19.93,19.84,0.03,1,942000,98,18734570
2016-05-06,19.92,19.94,20.01,19.9,0.05,1,1125985,87,22479333
2016-05-09,19.89,19.57,19.89,19.57,-0.37,-1,930001,114,18333639
2016-05-10,19.58,19.57,19.61,19.55,0.0,0,1008000,55,19744550
2016-05-11,19.55,19.51,19.78,19.51,-0.06,-1,1521000,135,29762190
2016-05-12,19.6,19.49,19.68,19.42,-0.02,-1,983000,62,19262590
2016-05-13,19.51,19.66,19.7,19.51,0.17,1,761000,96,14952750
2016-05-16,19.79,19.76,19.8,19.63,0.1,1,1313000,136,25875900
2016-05-17,19.58,19.43,19.58,19.42,-0.33,-1,1344000,330,26149380
2016-05-18,19.56,19.67,19.67,19.53,0.24,1,1962000,112,38523450
2016-05-19,19.6,19.58,19.65,19.57,-0.09,-1,1106000,56,21685260
2016-05-20,19.65,19.72,19.81,19.65,0.14,1,2671000,139,52637960
2016-05-23,19.72,19.75,19.85,19.7,0.03,1,1667000,72,32944470
2016-05-24,19.87,19.86,19.9,19.84,0.11,1,1340000,168,26628880
2016-05-25,19.86,19.53,19.86,19.53,-0.33,-1,1425000,126,27930840
2016-05-26,19.45,19.27,19.45,19.27,-0.26,-1,1765000,268,34071690
2016-05-27,19.15,18.91,19.15,18.9,-0.36,-1,3501000,597,66464190
2016-05-30,18.88,18.81,18.88,18.73,-0.1,-1,2927100,416,54995571
2016-05-31,18.82,18.85,18.87,18.74,0.04,1,1545000,236,29020940
2016-06-01,18.9,18.75,18.9,18.73,-0.1,-1,878000,232,16488380
2016-06-02,18.83,18.83,18.84,18.78,0.08,1,1078000,171,20281380
2016-06-03,18.69,18.66,18.69,18.62,-0.17,-1,1213000,224,22610810
2016-06-04,18.67,18.68,18.71,18.67,0.02,1,302100,53,5644979
2016-06-06,18.68,18.67,18.69,18.64,-0.01,-1,1945000,108,36305880
2016-06-07,18.67,18.64,18.67,18.58,-0.03,-1,1896000,141,35287480
2016-06-08,18.59,18.58,18.6,18.55,-0.06,-1,1152000,111,21395290
2016-06-13,18.75,18.96,18.97,18.75,0.38,1,2182000,340,41264610
2016-06-14,18.96,18.94,18.99,18.89,-0.02,-1,1719000,261,32590670
2016-06-15,18.96,18.91,18.97,18.87,-0.03,-1,1356000,150,25623340
2016-06-16,18.82,18.92,18.98,18.7,0.01,1,1468000,213,27688940
2016-06-17,18.96,18.77,18.96,18.7,-0.15,-1,1140000,134,21373490
2016-06-20,18.72,18.72,18.97,18.68,-0.05,-1,1567010,314,29613617
2016-06-21,18.7,18.69,18.72,18.62,-0.03,-1,1428000,161,26645470
2016-06-22,18.78,18.68,18.78,18.65,-0.01,-1,1136000,107,21241200
2016-06-23,18.78,18.72,18.78,18.66,0.04,1,1163000,70,21765080
2016-06-24,18.69,19.25,19.3,18.59,0.53,1,2551000,569,48392680
2016-06-27,19.3,18.97,19.3,18.96,-0.28,-1,1401000,169,26702370
2016-06-28,19.17,18.91,19.17,18.91,-0.06,-1,1138000,78,21612260
2016-06-29,18.86,18.79,18.86,18.77,-0.12,-1,1108000,95,20847430
2016-06-30,18.98,18.61,18.98,18.56,-0.18,-1,1730000,179,32154860
2016-07-01,18.61,18.4,18.61,18.4,-0.21,-1,1557000,200,28762350
2016-07-04,18.3,18.32,18.4,18.3,-0.08,-1,1291000,119,23689620
2016-07-05,18.4,18.43,18.43,18.39,0.11,1,1013000,81,18654320
2016-07-06,18.52,18.52,18.6,18.52,0.09,1,1489000,170,27644260
2016-07-07,18.52,18.45,18.52,18.41,-0.07,-1,1192000,79,21998460
2016-07-11,18.37,18.14,18.37,18.12,-0.31,-1,1267000,191,23088930
2016-07-12,18.1,18.1,18.14,18.03,-0.04,-1,1266000,96,22871690
2016-07-13,18.0,18.08,18.08,17.99,-0.02,-1,1037000,100,18675930
2016-07-14,18.08,18.05,18.09,18.05,-0.03,-1,944500,65,17062485
2016-07-15,17.97,17.99,18.03,17.85,-0.06,-1,1233000,157,22071960
2016-07-18,17.96,17.87,17.96,17.87,-0.12,-1,1042000,86,18663060
2016-07-19,18.01,18.01,18.07,17.99,0.14,1,1074000,84,19340210
2016-07-20,18.01,17.96,18.01,17.94,-0.05,-1,1009274,53,18126791
2016-07-21,17.94,17.92,17.94,17.88,-0.04,-1,1292000,53,23123400
2016-07-22,18.02,18.04,18.05,17.99,0.12,1,1157000,85,20846160
2016-07-25,17.94,17.97,17.99,17.9,-0.07,-1,1151000,69,20649340
2016-07-26,17.9,17.8,17.9,17.76,-0.17,-1,1351000,118,24068020
2016-07-27,17.84,17.77,17.87,17.74,-0.03,-1,1068200,61,19053494
2016-07-28,17.87,17.77,17.87,17.75,0.0,0,1117000,51,19898470
2016-07-29,17.77,17.79,17.81,17.73,0.02,1,1049000,65,18646420
2016-08-01,17.97,17.71,17.97,17.67,-0.08,-1,1185000,101,20981470
2016-08-02,17.79,17.72,17.81,17.7,0.01,1,973226,52,17309740
2016-08-03,17.87,17.92,17.95,17.87,0.2,1,1476000,109,26406730
2016-08-04,18.02,17.95,18.06,17.81,0.03,1,1027000,79,18396280
2016-08-05,17.87,17.77,17.88,17.76,-0.18,-1,906000,59,16155250
2016-08-08,17.68,17.68,17.68,17.63,-0.09,-1,1284000,65,22666260
2016-08-09,17.67,17.7,17.7,17.66,0.02,1,875000,32,15456700
2016-08-10,17.72,17.95,17.95,17.7,0.25,1,2151000,90,38279460
2016-08-11,17.95,17.97,18.03,17.95,0.02,1,1147000,87,20632900
2016-08-12,17.97,17.84,17.97,17.81,-0.13,-1,1221000,58,21839400
2016-08-15,17.8,17.81,17.81,17.77,-0.03,-1,874000,38,15547910
2016-08-16,17.78,17.86,17.86,17.75,0.05,1,1066000,41,18976490
2016-08-17,17.92,17.91,17.94,17.9,0.05,1,871000,41,15608960
2016-08-18,17.92,17.76,17.93,17.75,-0.15,-1,903000,47,16146180
2016-08-19,17.75,17.81,17.85,17.75,0.05,1,836000,96,14873880
2016-08-22,17.78,17.95,17.97,17.78,0.14,1,905000,53,16149780
2016-08-23,17.96,17.9,17.96,17.88,-0.05,-1,806000,45,14447470
2016-08-24,17.88,17.9,17.94,17.87,0.0,0,675000,35,12092880
2016-08-25,17.85,17.82,17.85,17.79,-0.08,-1,824000,55,14684120
2016-08-26,18.0,18.01,18.04,17.94,0.19,1,658000,77,11821090
2016-08-29,18.01,18.02,18.08,18.01,0.01,1,794000,58,14333020
2016-08-30,17.89,17.81,17.9,17.8,-0.21,-1,771000,72,13769420
2016-08-31,17.7,17.6,17.7,17.58,-0.21,-1,1037100,168,18295150
2016-09-01,17.6,17.55,17.62,17.55,-0.05,-1,1184000,104,20814660
2016-09-02,17.62,17.65,17.65,17.62,0.1,1,939000,72,16558430
2016-09-05,17.53,17.43,17.53,17.41,-0.22,-1,1051000,103,18320170
2016-09-06,17.45,17.38,17.45,17.38,-0.05,-1,995000,64,17331990
2016-09-07,17.38,17.31,17.38,17.29,-0.07,-1,698000,58,12086860
2016-09-08,17.42,17.4,17.42,17.37,0.09,1,600000,26,10446300
2016-09-09,17.4,17.47,17.49,17.36,0.07,1,600000,32,10425780
2016-09-10,17.73,17.68,17.76,17.66,0.21,1,328000,91,5803110
2016-09-12,17.71,17.72,17.76,17.68,0.04,1,1195000,113,21183350
2016-09-13,17.7,17.62,17.7,17.59,-0.1,-1,453000,54,7976640
2016-09-14,17.75,17.75,17.77,17.7,0.13,1,872000,109,15457770
2016-09-19,17.7,17.56,17.7,17.53,-0.19,-1,633200,75,11125542
2016-09-20,17.62,17.6,17.64,17.6,0.04,1,484000,34,8529480
2016-09-21,17.62,17.53,17.66,17.5,-0.07,-1,411000,31,7233920
2016-09-22,17.47,17.43,17.5,17.4,-0.1,-1,452000,52,7890380
2016-09-23,17.4,17.5,17.5,17.4,0.07,1,402000,39,7018870
2016-09-26,17.62,17.61,17.65,17.57,0.11,1,595000,124,10483600
2016-09-29,17.65,17.66,17.67,17.6,0.05,1,456000,55,8035410
2016-09-30,18.13,18.03,18.16,18.0,0.37,1,1828000,279,33068390
2016-10-03,18.03,17.8,18.03,17.79,-0.23,-1,530000,69,9492010
2016-10-04,17.76,17.71,17.76,17.66,-0.09,-1,381000,73,6750090
2016-10-05,17.71,17.76,17.76,17.63,0.05,1,480000,51,8498970
2016-10-06,17.7,17.71,17.72,17.65,-0.05,-1,415000,90,7339910
2016-10-07,17.79,17.84,17.84,17.76,0.13,1,426000,79,7584250
2016-10-11,17.7,17.85,17.89,17.69,0.01,1,543000,61,9678610
2016-10-12,17.85,17.85,17.86,17.82,0.0,0,478000,47,8524190
2016-10-13,17.96,17.99,18.0,17.88,0.14,1,714000,94,12804940
2016-10-14,18.01,18.07,18.09,18.01,0.08,1,694000,112,12540130
2016-10-17,18.07,18.04,18.1,17.99,-0.03,-1,414000,54,7480810
2016-10-18,18.13,18.06,18.13,18.02,0.02,1,405000,65,7315750
2016-10-19,17.89,17.88,17.9,17.81,-0.18,-1,315000,73,5622540
2016-10-20,17.88,17.82,17.88,17.79,-0.06,-1,377000,52,6721580
2016-10-21,17.8,17.9,17.9,17.8,0.08,1,389000,34,6936140
2016-10-24,17.81,17.82,17.83,17.75,-0.08,-1,154000,38,2739910
2016-10-25,17.78,17.86,17.88,17.73,0.04,1,320000,44,5703220
2016-10-26,17.89,17.93,17.97,17.88,0.07,1,910000,72,16294290
2016-10-27,18.02,18.1,18.11,18.0,0.17,1,428000,103,7726720
2016-10-28,18.03,18.0,18.11,17.97,-0.1,-1,489000,81,8830740
2016-10-31,18.11,18.07,18.13,18.04,0.07,1,231000,32,4179450
2016-11-01,18.09,18.02,18.09,18.01,-0.05,-1,623000,45,11237140
2016-11-02,18.12,18.23,18.23,18.12,0.21,1,535000,113,9717990
2016-11-03,18.23,18.2,18.32,18.19,-0.03,-1,448000,113,8180160
2016-11-04,18.35,18.37,18.38,18.28,0.17,1,483000,108,8854050
2016-11-07,18.25,18.22,18.35,18.2,-0.15,-1,593000,99,10836730
2016-11-08,18.1,18.19,18.22,18.1,-0.03,-1,436000,36,7932150
2016-11-09,18.22,18.85,19.05,18.22,0.66,1,1478000,318,27666640
2016-11-10,18.5,18.11,18.5,18.11,-0.74,-1,525000,132,9585390
2016-11-11,18.4,18.47,18.52,18.38,0.36,1,536000,112,9893670
2016-11-14,18.56,18.8,18.85,18.56,0.33,1,1043000,149,19586080
2016-11-15,18.85,18.88,18.97,18.75,0.08,1,1028000,121,19354320
2016-11-16,18.8,18.95,19.0,18.76,0.07,1,608000,94,11471170
2016-11-17,19.0,19.07,19.1,18.97,0.12,1,1319000,152,25137890
2016-11-18,19.1,19.13,19.2,19.1,0.06,1,522000,112,10003870
2016-11-21,19.17,19.42,19.42,19.12,0.29,1,534000,137,10264120
2016-11-22,19.42,19.37,19.43,19.29,-0.05,-1,859000,130,16633420
2016-11-23,19.2,19.24,19.34,19.13,-0.13,-1,638000,76,12267830
2016-11-24,19.24,19.34,19.38,19.24,0.1,1,592000,91,11461830
2016-11-25,19.3,19.22,19.34,19.22,-0.12,-1,282000,51,5442450
2016-11-28,19.2,19.05,19.24,19.05,-0.17,-1,956000,97,18340570
2016-11-29,19.04,18.87,19.09,18.87,-0.18,-1,443000,66,8396250
2016-11-30,19.0,18.91,19.01,18.91,0.04,1,377000,88,7156250
2016-12-01,18.82,18.81,18.82,18.75,-0.1,-1,131000,36,2461400
2016-12-02,18.8,19.1,19.1,18.8,0.29,1,418000,118,7951080
2016-12-05,19.14,19.16,19.19,19.1,0.06,1,491000,91,9405980
2016-12-06,19.02,19.0,19.06,18.98,-0.16,-1,344000,40,6543640
2016-12-07,18.99,18.96,18.99,18.96,-0.04,-1,27000,7,512500
2016-12-08,18.96,18.8,18.96,18.8,-0.16,-1,48000,20,905550
2016-12-09,18.67,18.71,18.76,18.67,-0.09,-1,346000,28,6473660
2016-12-12,18.68,18.86,18.87,18.67,0.15,1,317000,53,5963150
2016-12-13,18.93,18.94,18.96,18.9,0.08,1,173000,61,3273960
2016-12-14,18.8,18.89,18.89,18.8,-0.05,-1,140000,22,2639600
2016-12-15,19.0,18.85,19.11,18.79,-0.04,-1,418000,96,7944740
2016-12-16,18.79,18.99,19.0,18.79,0.14,1,487000,55,9231850
2016-12-19,19.03,19.02,19.08,19.01,0.03,1,271000,41,5159650
2016-12-20,19.05,19.04,19.08,19.04,0.02,1,241000,37,4593110
2016-12-21,19.09,19.09,19.13,19.06,0.05,1,161000,30,3073290
2016-12-22,19.11,19.31,19.32,19.11,0.22,1,677000,90,13020450
2016-12-23,19.45,19.46,19.49,19.39,0.15,1,343000,74,6665480
2016-12-26,19.36,19.51,19.57,19.36,0.05,1,727000,95,14148320
2016-12-27,19.59,19.44,19.59,19.42,-0.07,-1,282000,42,5494880
2016-12-28,19.18,19.12,19.23,19.1,-0.32,-1,209000,58,4009520
2016-12-29,19.19,19.14,19.26,19.14,0.02,1,312000,33,5980330
2016-12-30,19.01,18.93,19.02,18.87,-0.21,-1,578000,85,10938240
2017-01-03,18.93,18.86,18.94,18.85,-0.07,-1,35000,18,661190
2017-01-04,18.7,18.87,18.9,18.7,0.01,1,913000,97,17224830
2017-01-05,18.87,18.69,18.87,18.69,-0.18,-1,190000,42,3560660
2017-01-06,18.69,18.64,18.7,18.56,-0.05,-1,496000,77,9234500
2017-01-09,18.81,18.74,18.81,18.67,0.1,1,282000,31,5278570
2017-01-10,18.72,18.67,18.72,18.65,-0.07,-1,71000,31,1326710
2017-01-11,18.5,18.53,18.6,18.5,-0.14,-1,181000,37,3361180
2017-01-12,18.39,18.42,18.43,18.36,-0.11,-1,230000,60,4229180
2017-01-13,18.38,18.45,18.47,18.34,0.03,1,273000,63,5021240
2017-01-16,18.44,18.4,18.47,18.38,-0.05,-1,735000,86,13545700
2017-01-17,18.34,18.4,18.42,18.3,0.0,0,1767000,46,32616540
2017-01-18,18.4,18.3,18.42,18.25,-0.1,-1,442000,70,8085700
2017-01-19,18.36,18.39,18.4,18.34,0.09,1,522000,44,9587540
2017-01-20,18.39,18.4,18.43,18.35,0.01,1,413000,49,7588870
