date,OP,CP,HP,LP,DF,RD,TV,TC,TO
2016-03-29,19.86,19.46,19.86,19.46,-0.53,-1,4078000,440,80496910
2016-03-30,19.9,19.78,19.9,19.72,0.32,1,4538000,475,89932130
2016-03-31,20.02,20.25,20.26,20.02,0.47,1,4272000,730,86224630
2016-04-01,20.25,19.97,20.3,19.92,-0.28,-1,2531515,301,50789679
2016-04-06,19.53,19.35,19.6,19.3,-0.62,-1,4193000,451,81351100
2016-04-07,19.42,19.27,19.59,19.07,-0.08,-1,4873000,422,94150390
2016-04-08,19.08,19.17,19.18,19.0,-0.1,-1,2952000,302,56366470
2016-04-11,19.02,19.12,19.22,19.0,-0.05,-1,2498000,211,47728860
2016-04-12,19.59,19.81,19.84,19.57,0.69,1,5746000,558,113102550
2016-04-13,20.15,20.57,20.6,20.09,0.76,1,4871000,649,99123110
2016-04-14,20.73,20.88,20.98,20.73,0.31,1,2711000,413,56568330
2016-04-15,21.0,21.04,21.1,20.89,0.16,1,2015000,287,42247220
2016-04-18,21.04,20.75,21.04,20.55,-0.29,-1,2170000,333,45020150
2016-04-19,21.15,21.21,21.21,21.02,0.46,1,2381000,277,50298380
2016-04-20,21.17,20.87,21.26,20.86,-0.34,-1,2701000,333,56837760
2016-04-21,21.29,21.02,21.3,20.98,0.15,1,3878000,269,81876310
2016-04-22,20.92,20.94,21.0,20.73,-0.08,-1,1830000,189,38172340
2016-04-25,20.61,20.61,20.86,20.58,-0.33,-1,2081000,185,43231060
2016-04-26,20.51,20.56,20.69,20.44,-0.05,-1,1583000,132,32529450
2016-04-27,21.02,21.13,21.22,20.89,0.57,1,2190000,313,46169790
2016-04-28,21.35,21.13,21.47,21.05,0.0,0,2610000,282,55591160
2016-04-29,20.77,20.52,20.85,20.33,-0.61,-1,4141000,614,84963880
2016-05-03,20.5,20.5,20.73,20.11,-0.02,-1,5233001,643,106494339
2016-05-04,20.0,19.85,20.0,19.75,-0.65,-1,4304000,763,85486860
2016-05-05,19.65,19.76,19.86,19.64,-0.09,-1,1822000,298,35947080
2016-05-06,19.76,19.68,19.76,19.53,-0.08,-1,2185000,326,42930500
2016-05-09,19.61,20.35,20.38,19.46,0.67,1,3835000,563,76903880
2016-05-10,20.35,20.4,20.51,20.35,0.05,1,2861010,317,58411478
2016-05-11,20.55,20.5,20.58,19.96,0.1,1,4781484,702,96862363
2016-05-12,20.3,20.56,20.71,20.19,0.06,1,3392000,351,69152560
2016-05-13,20.42,20.21,20.47,20.15,-0.35,-1,1968000,313,40030400
2016-05-16,20.1,19.98,20.26,19.91,-0.23,-1,1451000,271,29092550
2016-05-17,20.3,20.56,20.64,20.3,0.58,1,3778000,388,77483820
2016-05-18,20.35,20.16,20.41,20.09,-0.4,-1,3185000,411,64578920
2016-05-19,20.17,20.31,20.41,20.17,0.15,1,1525000,189,30884700
2016-05-20,20.02,19.99,20.08,19.84,-0.32,-1,4412000,653,88033570
2016-05-23,19.87,19.93,20.01,19.72,-0.06,-1,3557000,532,70649580
2016-05-24,19.76,19.73,19.76,19.66,-0.2,-1,3510000,512,69137730
2016-05-25,19.84,20.34,20.34,19.84,0.61,1,4156000,782,83882550
2016-05-26,20.71,20.85,20.88,20.71,0.51,1,4311000,738,89703650
2016-05-27,21.32,21.7,21.7,21.32,0.85,1,7074000,936,152125070
2016-05-30,21.93,21.99,22.15,21.89,0.29,1,4604000,649,101379480
2016-05-31,22.04,21.89,22.13,21.83,-0.1,-1,3107000,585,68323720
2016-06-01,21.88,22.11,22.13,21.88,0.22,1,2054000,308,45245370
2016-06-02,22.0,21.87,22.0,21.82,-0.24,-1,2090000,332,45794970
2016-06-03,22.16,22.24,22.36,22.16,0.37,1,2789100,429,62183050
2016-06-04,22.24,22.21,22.24,22.11,-0.03,-1,416000,149,9228160
2016-06-06,22.21,22.23,22.32,22.18,0.02,1,2478134,225,55133730
2016-06-07,22.31,22.23,22.4,22.23,0.0,0,2587000,269,57758500
2016-06-08,22.41,22.36,22.46,22.34,0.13,1,2144000,263,48045020
2016-06-13,21.83,21.47,21.83,21.46,-0.89,-1,2577600,422,55564560
2016-06-14,21.47,21.5,21.6,21.41,0.03,1,1816150,249,39063715
2016-06-15,21.48,21.66,21.73,21.48,0.16,1,1447400,234,31310950
2016-06-16,21.87,21.5,22.07,21.47,-0.16,-1,2560100,458,55861460
2016-06-17,21.8,21.82,21.99,21.8,0.32,1,1313080,246,28769445
2016-06-20,21.8,21.96,22.06,21.38,0.14,1,3840010,700,82970860
2016-06-21,22.03,22.03,22.26,22.01,0.07,1,2119000,386,46904190
2016-06-22,21.82,21.97,22.13,21.82,-0.06,-1,1303000,211,28586140
2016-06-23,21.94,21.9,22.07,21.86,-0.07,-1,1564000,196,34340260
2016-06-24,22.28,20.69,22.28,20.58,-1.21,-1,5215000,800,111386590
2016-06-27,21.0,21.34,21.39,20.96,0.65,1,2132000,361,45098480
2016-06-28,21.0,21.47,21.48,20.97,0.13,1,2082420,242,44455677
2016-06-29,21.56,21.72,21.8,21.55,0.25,1,1360000,267,29507990
2016-06-30,21.99,22.17,22.25,21.99,0.45,1,2146100,406,47572718
2016-07-01,22.35,22.58,22.6,22.32,0.41,1,1926000,298,43217880
2016-07-04,22.7,22.79,22.79,22.63,0.21,1,1211481,183,27536181
2016-07-05,22.76,22.52,22.76,22.49,-0.27,-1,1255000,178,28316140
2016-07-06,22.39,22.3,22.39,22.08,-0.22,-1,1208000,216,26816840
2016-07-07,22.4,22.49,22.5,22.37,0.19,1,1275000,182,28601760
2016-07-11,22.68,23.12,23.18,22.68,0.63,1,1572000,289,36073190
2016-07-12,23.31,23.28,23.6,23.25,0.16,1,1132100,184,26424738
2016-07-13,23.47,23.34,23.56,23.34,0.06,1,937319,168,22016358
2016-07-14,23.34,23.36,23.38,23.28,0.02,1,963181,79,22499487
2016-07-15,23.68,23.45,23.83,23.4,0.09,1,1780333,264,42222012
2016-07-18,23.7,23.67,23.7,23.53,0.22,1,1180056,141,27858854
2016-07-19,23.51,23.37,23.51,23.23,-0.3,-1,1325000,185,30950700
2016-07-20,23.46,23.59,23.62,23.44,0.22,1,1413000,131,33295370
2016-07-21,23.7,23.6,23.7,23.58,0.01,1,2070000,199,48976760
2016-07-22,23.45,23.3,23.45,23.18,-0.3,-1,1385033,188,32275633
2016-07-25,23.51,23.41,23.62,23.32,0.11,1,1124000,115,26394080
2016-07-26,23.85,23.93,24.01,23.81,0.52,1,1760000,263,42038190
2016-07-27,23.78,23.99,24.11,23.71,0.06,1,1624000,222,38730330
2016-07-28,23.8,24.0,24.0,23.76,0.01,1,958000,129,22856640
2016-07-29,24.01,23.95,24.08,23.86,-0.05,-1,2124089,173,50899978
2016-08-01,24.11,24.26,24.29,24.1,0.31,1,1260000,151,30496040
2016-08-02,23.97,24.02,24.13,23.82,-0.24,-1,1218000,174,29125530
2016-08-03,23.5,23.51,23.68,23.46,-0.51,-1,1458089,231,34399366
2016-08-04,23.61,23.47,23.79,23.2,-0.04,-1,1295000,259,30500420
2016-08-05,23.53,23.9,23.92,23.53,0.43,1,1096000,163,26016270
2016-08-08,24.23,24.18,24.3,24.15,0.28,1,1463000,223,35440270
2016-08-09,24.18,24.04,24.21,24.04,-0.14,-1,981000,117,23705010
2016-08-10,24.05,23.62,24.11,23.52,-0.42,-1,2109000,271,50492180
2016-08-11,23.52,23.35,23.52,23.2,-0.27,-1,2421000,322,56488850
2016-08-12,23.55,23.82,23.89,23.55,0.47,1,1455000,217,34470140
2016-08-15,23.93,24.06,24.15,23.93,0.24,1,1400000,186,33696710
2016-08-16,24.19,23.9,24.2,23.88,-0.16,-1,1668000,157,40115820
2016-08-17,23.79,23.78,23.8,23.65,-0.12,-1,1448000,138,34317430
2016-08-18,23.66,24.0,24.04,23.57,0.22,1,1084000,124,25751910
2016-08-19,24.01,23.88,24.01,23.77,-0.12,-1,1583000,106,37829020
2016-08-22,23.98,23.63,24.04,23.58,-0.25,-1,1142000,133,27255670
2016-08-23,23.63,23.6,23.66,23.52,-0.03,-1,899000,116,21190410
2016-08-24,23.76,23.67,23.82,23.63,0.07,1,712000,102,16857180
2016-08-25,23.78,23.84,23.96,23.78,0.17,1,696000,84,16602990
2016-08-26,23.52,23.43,23.56,23.31,-0.41,-1,1527000,282,35869760
2016-08-29,23.36,23.25,23.43,23.16,-0.18,-1,1224000,208,28445200
2016-08-30,23.5,23.76,23.8,23.4,0.51,1,1252000,221,29611470
2016-08-31,24.2,24.39,24.49,24.15,0.63,1,2230000,436,54139540
2016-09-01,24.39,24.5,24.56,24.3,0.11,1,1633000,224,39910930
2016-09-02,24.3,24.33,24.42,24.22,-0.17,-1,1272000,177,30936140
2016-09-05,24.6,24.9,24.98,24.6,0.57,1,1198000,184,29777350
2016-09-06,24.78,24.96,24.96,24.61,0.06,1,1390000,186,34571860
2016-09-07,25.16,25.19,25.33,25.1,0.23,1,1019000,188,25742480
2016-09-08,25.16,25.17,25.2,25.04,-0.02,-1,749000,120,18797860
2016-09-09,25.0,24.86,25.1,24.78,-0.31,-1,953000,155,23836850
2016-09-10,24.47,24.28,24.47,24.23,-0.58,-1,263000,127,6396850
2016-09-12,24.09,23.98,24.14,23.95,-0.3,-1,1411000,264,33941320
2016-09-13,24.16,24.16,24.3,24.15,0.18,1,722000,125,17479870
2016-09-14,24.11,23.88,24.11,23.8,-0.28,-1,787000,146,18816500
2016-09-19,24.03,24.42,24.44,24.03,0.54,1,543000,117,13199050
2016-09-20,24.34,24.21,24.34,24.15,-0.21,-1,588000,118,14259100
2016-09-21,24.14,24.47,24.5,24.14,0.26,1,587000,124,14256650
2016-09-22,24.35,24.7,24.82,24.35,0.23,1,1028000,239,25343210
2016-09-23,24.74,24.6,24.74,24.57,-0.1,-1,506000,102,12483150
2016-09-26,24.47,24.27,24.47,24.2,-0.33,-1,665000,110,16131500
2016-09-29,24.4,24.15,24.4,24.13,-0.12,-1,958000,215,23225860
2016-09-30,23.03,23.06,23.33,22.79,-1.09,-1,2270000,692,52113620
2016-10-03,23.35,23.62,23.65,23.22,0.56,1,1702000,340,39834250
2016-10-04,23.76,23.79,23.96,23.76,0.17,1,898000,270,21404540
2016-10-05,23.99,23.73,24.04,23.7,-0.06,-1,724000,161,17273280
2016-10-06,24.02,23.87,24.02,23.8,0.14,1,680000,141,16250240
2016-10-07,23.76,23.47,23.76,23.45,-0.4,-1,866000,233,20407150
2016-10-11,23.6,23.48,23.81,23.38,0.01,1,955000,173,22605110
2016-10-12,23.46,23.49,23.54,23.45,0.01,1,764000,100,17946990
2016-10-13,23.46,23.06,23.46,23.03,-0.43,-1,937000,230,21752310
2016-10-14,22.7,22.84,22.89,22.7,-0.22,-1,1615000,375,36836620
2016-10-17,22.9,22.75,22.91,22.66,-0.09,-1,798000,156,18150320
2016-10-18,22.75,22.78,22.8,22.59,0.03,1,798000,163,18119410
2016-10-19,23.0,23.04,23.22,23.0,0.26,1,988000,278,22857130
2016-10-20,23.11,23.39,23.46,23.11,0.35,1,1046000,221,24407500
2016-10-21,23.39,23.16,23.39,23.16,-0.23,-1,752000,120,17544430
2016-10-24,23.25,23.38,23.53,23.25,0.22,1,911000,170,21343420
2016-10-25,23.42,23.24,23.49,23.14,-0.14,-1,1252000,179,29230260
2016-10-26,23.24,23.07,23.24,22.97,-0.17,-1,805000,172,18590650
2016-10-27,22.87,22.72,22.96,22.66,-0.35,-1,1318000,302,30033270
2016-10-28,22.9,22.95,23.03,22.67,0.23,1,834000,191,19018520
2016-10-31,22.92,22.75,22.92,22.6,-0.2,-1,243000,104,5518620
2016-11-01,22.7,22.85,22.88,22.67,0.1,1,564000,103,12872810
2016-11-02,22.61,22.33,22.61,22.3,-0.52,-1,970000,298,21744900
2016-11-03,22.12,22.35,22.35,22.05,0.02,1,820000,186,18157420
2016-11-04,22.25,22.06,22.25,22.04,-0.29,-1,697000,157,15397980
2016-11-07,22.03,22.32,22.34,22.03,0.26,1,566000,135,12568460
2016-11-08,22.37,22.17,22.39,22.09,-0.15,-1,872000,192,19417590
2016-11-09,22.27,20.8,22.27,20.18,-1.37,-1,3270000,871,69441940
2016-11-10,21.69,22.42,22.45,21.69,1.62,1,2667000,557,59137220
2016-11-11,22.02,21.66,22.02,21.54,-0.76,-1,1558000,337,33754690
2016-11-14,21.64,20.87,21.64,20.78,-0.79,-1,2329000,581,48891640
2016-11-15,20.87,20.76,20.95,20.52,-0.11,-1,1561000,420,32423230
2016-11-16,20.82,20.82,20.91,20.75,0.06,1,1804000,505,37538860
2016-11-17,20.25,20.22,20.4,20.08,-0.6,-1,2270000,616,45838260
2016-11-18,20.14,20.09,20.14,19.9,-0.13,-1,1835000,510,36667150
2016-11-21,20.05,19.7,20.11,19.66,-0.39,-1,3915000,1037,77937900
2016-11-22,19.7,20.13,20.17,19.51,0.43,1,4214000,1149,83929240
2016-11-23,20.06,20.0,20.13,19.73,-0.13,-1,7406000,1417,147671250
2016-11-24,19.89,19.52,19.89,19.52,-0.48,-1,10647000,2012,208886210
2016-11-25,19.46,19.61,19.64,19.32,0.09,1,6227000,1163,121049920
2016-11-28,19.84,19.9,19.94,19.61,0.29,1,8250000,1377,162904370
2016-11-29,19.89,20.18,20.22,19.79,0.28,1,4787000,1016,95942070
2016-11-30,20.1,20.11,20.17,19.98,-0.07,-1,3709000,754,74496560
2016-12-01,20.3,20.31,20.45,20.25,0.2,1,4337000,998,88292530
2016-12-02,20.18,19.86,20.18,19.8,-0.45,-1,5030000,1175,100284520
2016-12-05,19.8,19.76,19.83,19.68,-0.1,-1,2740000,538,54145520
2016-12-06,19.97,20.1,20.15,19.92,0.34,1,4142000,697,82970470
2016-12-07,20.1,20.08,20.15,20.02,-0.02,-1,1682000,315,33795730
2016-12-08,20.14,20.27,20.36,20.06,0.19,1,4748000,927,95978710
2016-12-09,20.38,20.46,20.54,20.38,0.19,1,4993000,1005,102261950
2016-12-12,20.58,20.28,20.64,20.24,-0.18,-1,4226000,839,86565360
2016-12-13,20.18,20.16,20.21,20.09,-0.12,-1,2666000,512,53709610
2016-12-14,20.34,20.18,20.39,20.16,0.02,1,2486000,475,50421420
2016-12-15,20.09,20.18,20.3,19.76,0.0,0,5987000,1086,119756980
2016-12-16,20.18,19.95,20.18,19.95,-0.23,-1,1466000,399,29327010
2016-12-19,19.95,19.93,19.98,19.8,-0.02,-1,1426000,299,28335410
2016-12-20,19.82,19.8,19.86,19.77,-0.13,-1,1460000,312,28925330
2016-12-21,19.8,19.8,19.86,19.75,0.0,0,2399000,384,47501190
2016-12-22,19.7,19.29,19.7,19.29,-0.51,-1,3650950,1007,71096335
2016-12-23,19.21,19.09,19.23,19.06,-0.2,-1,2721050,653,52043054
2016-12-26,19.3,18.85,19.3,18.81,-0.24,-1,2647000,606,50247120
2016-12-27,18.85,18.95,18.96,18.81,0.1,1,1259000,380,23755330
2016-12-28,19.12,19.47,19.52,19.12,0.52,1,2708000,789,52474530
2016-12-29,19.39,19.49,19.5,19.24,0.02,1,1569000,385,30374000
2016-12-30,19.61,19.83,19.86,19.57,0.34,1,3652000,838,72131980
2017-01-03,19.83,19.97,20.0,19.81,0.14,1,2550250,580,50817012
2017-01-04,20.05,20.02,20.09,20.0,0.05,1,1914000,479,38361300
2017-01-05,20.0,20.27,20.29,20.0,0.25,1,3735000,775,75361360
2017-01-06,20.3,20.35,20.49,20.3,0.08,1,4638050,912,94640148
