date,OP,CP,HP,LP,DF,RD,TV,TC,TO
2016-03-18,19.69,19.56,19.76,19.45,-0.22,-1,8243000,759,161920080
2016-03-21,19.4,19.11,19.48,18.98,-0.45,-1,3637000,289,69837110
2016-03-22,19.01,19.21,19.32,19.01,0.1,1,3043000,142,58344230
2016-03-23,19.29,19.35,19.42,19.19,0.14,1,4546000,143,87881900
2016-03-24,19.4,19.46,19.62,19.39,0.11,1,3294000,193,64158650
2016-03-25,19.59,19.52,19.62,19.43,0.06,1,1966000,80,38394650
2016-03-28,19.41,19.54,19.54,19.3,0.02,1,1907000,62,37036430
2016-03-29,19.6,19.79,19.82,19.59,0.25,1,3184000,198,62722150
2016-03-30,19.66,19.49,19.67,19.4,-0.3,-1,1263000,78,24656020
2016-03-31,19.23,19.22,19.33,19.06,-0.27,-1,1233000,88,23702710
2016-04-01,19.19,19.47,19.6,19.16,0.25,1,2466000,107,47759000
2016-04-06,19.46,19.28,19.46,19.21,-0.19,-1,1086000,91,20944120
2016-04-07,19.2,19.45,19.45,19.15,0.17,1,1735000,107,33413670
2016-04-08,19.65,19.53,19.67,19.53,0.08,1,926000,78,18147040
2016-04-11,19.57,19.28,19.57,19.21,-0.25,-1,6123000,135,118988670
2016-04-12,19.33,19.43,19.43,19.31,0.15,1,1012000,49,19629320
2016-04-13,19.26,18.97,19.26,18.89,-0.46,-1,2392000,152,45522870
2016-04-14,18.93,19.12,19.12,18.89,0.15,1,1263000,76,23955820
2016-04-15,19.04,19.07,19.13,18.99,-0.05,-1,820000,47,15615100
2016-04-18,19.18,19.24,19.3,19.17,0.17,1,370000,43,7109450
2016-04-19,19.08,19.24,19.27,19.06,0.0,0,212000,33,4057600
2016-04-20,19.08,19.65,19.74,19.04,0.41,1,1482000,136,28634320
2016-04-21,19.41,19.38,19.44,19.24,-0.27,-1,1143000,50,22179130
2016-04-22,19.46,19.25,19.46,19.21,-0.13,-1,1026000,38,19818030
2016-04-25,19.26,19.26,19.43,19.26,0.01,1,939000,30,18143690
2016-04-26,19.28,19.31,19.33,19.13,0.05,1,518000,23,9983540
2016-04-27,19.2,19.21,19.23,19.13,-0.1,-1,1058000,34,20291490
2016-04-28,19.22,19.4,19.4,19.21,0.19,1,1181000,34,22766280
2016-04-29,19.35,19.3,19.35,19.26,-0.1,-1,255000,20,4925070
2016-05-03,19.34,19.05,19.4,18.99,-0.25,-1,760000,51,14530730
2016-05-04,19.14,19.2,19.24,19.14,0.15,1,100000,33,1920150
2016-05-05,19.24,19.27,19.3,19.23,0.07,1,114000,22,2197790
2016-05-06,19.27,19.5,19.57,19.25,0.23,1,949000,86,18404140
2016-05-09,19.6,19.83,19.88,19.6,0.33,1,893000,138,17683250
2016-05-10,19.94,19.86,20.06,19.85,0.03,1,1790000,118,35750220
2016-05-11,19.79,19.87,19.93,19.79,0.01,1,690000,23,13720190
2016-05-12,19.94,19.91,20.08,19.9,0.04,1,659000,45,13158490
2016-05-13,19.89,19.89,19.95,19.89,-0.02,-1,285000,11,5669730
2016-05-16,19.99,19.9,20.03,19.85,0.01,1,2477000,46,49394930
2016-05-17,19.86,19.98,20.02,19.86,0.08,1,174000,22,3467270
2016-05-18,19.97,20.17,20.25,19.97,0.19,1,335000,62,6724530
2016-05-19,20.01,19.93,20.07,19.92,-0.24,-1,191000,14,3824180
2016-05-20,19.97,19.89,19.97,19.88,-0.04,-1,120000,8,2395370
2016-05-23,19.79,19.79,19.83,19.7,-0.1,-1,1128000,26,22290730
2016-05-24,19.88,19.97,19.98,19.88,0.18,1,84000,13,1673360
2016-05-25,19.77,19.78,19.83,19.75,-0.19,-1,977000,28,19335760
2016-05-26,19.8,19.92,19.93,19.8,0.14,1,317000,8,6292360
2016-05-27,19.76,19.81,19.86,19.74,-0.11,-1,1058000,26,20966640
2016-05-30,19.72,19.7,19.74,19.65,-0.11,-1,126000,6,2477600
2016-05-31,19.69,19.07,19.7,19.07,-0.63,-1,3744000,93,71621030
2016-06-01,18.98,19.14,19.14,18.96,0.07,1,1048000,47,19952970
2016-06-02,19.11,19.2,19.23,19.08,0.06,1,154000,21,2946400
2016-06-03,19.1,19.15,19.2,19.05,-0.05,-1,475000,20,9069860
2016-06-04,19.05,19.06,19.06,19.05,-0.09,-1,11000,3,209650
2016-06-06,19.06,19.22,19.27,19.04,0.16,1,872000,34,16652300
2016-06-07,19.13,19.18,19.19,19.08,-0.04,-1,1043000,13,19959730
2016-06-08,19.14,19.25,19.32,19.14,0.07,1,174000,15,3339460
2016-06-13,19.46,19.5,19.54,19.4,0.25,1,900000,24,17561240
2016-06-14,19.54,19.61,19.76,19.54,0.11,1,50000,13,982460
2016-06-15,19.88,19.61,20.0,19.46,0.0,0,1171000,79,23155290
2016-06-16,19.61,19.59,19.7,19.57,-0.02,-1,505000,16,9942780
2016-06-17,19.54,19.45,19.54,19.39,-0.14,-1,292000,15,5684570
2016-06-20,19.37,19.51,19.6,19.33,0.06,1,1583000,24,30749220
2016-06-21,19.45,19.41,19.48,19.26,-0.1,-1,896000,29,17341110
2016-06-22,19.45,19.42,19.48,19.37,0.01,1,276000,14,5364950
2016-06-23,19.32,19.46,19.49,19.3,0.04,1,1031000,31,19992970
2016-06-24,19.43,19.63,19.9,19.39,0.17,1,5132000,125,100593110
2016-06-27,19.71,19.49,19.71,19.49,-0.14,-1,822000,24,16124230
2016-06-28,19.53,19.51,19.55,19.47,0.02,1,827000,24,16142970
2016-06-29,19.32,19.3,19.33,19.24,-0.21,-1,557000,22,10758260
2016-06-30,19.12,19.12,19.15,19.08,-0.18,-1,284000,25,5431460
2016-07-01,19.05,19.06,19.06,19.02,-0.06,-1,517000,23,9846840
2016-07-04,19.06,18.8,19.08,18.71,-0.26,-1,863000,53,16349910
2016-07-05,19.0,18.78,19.0,18.76,-0.02,-1,94000,21,1769270
2016-07-06,18.88,18.87,18.97,18.87,0.09,1,244000,21,4618640
2016-07-07,18.87,18.85,18.91,18.81,-0.02,-1,453000,22,8549820
2016-07-11,18.8,18.63,18.8,18.63,-0.22,-1,444000,23,8295580
2016-07-12,18.76,18.69,18.77,18.64,0.06,1,573000,25,10744610
2016-07-13,18.41,18.34,18.41,18.24,-0.35,-1,706000,60,12925050
2016-07-14,18.64,18.38,18.64,18.34,0.04,1,65000,15,1195160
2016-07-15,18.38,18.37,18.38,18.33,-0.01,-1,757000,14,13908570
2016-07-18,18.34,18.32,18.36,18.23,-0.05,-1,657000,27,12033710
2016-07-19,18.35,18.53,18.53,18.3,0.21,1,878000,40,16196180
2016-07-20,18.54,18.53,18.58,18.47,0.0,0,416000,11,7715450
2016-07-21,18.52,18.4,18.52,18.38,-0.13,-1,403000,14,7432320
2016-07-22,18.46,18.58,18.6,18.46,0.18,1,169000,27,3134500
2016-07-25,18.61,18.62,18.62,18.59,0.04,1,385000,7,7166980
2016-07-26,18.63,18.5,18.68,18.5,-0.12,-1,213000,10,3970450
2016-07-27,18.41,18.7,18.84,18.39,0.2,1,672000,32,12434270
2016-07-28,18.62,18.55,18.64,18.52,-0.15,-1,1054000,35,19585250
2016-07-29,18.55,18.59,18.59,18.55,0.04,1,116000,5,2152810
2016-08-01,18.55,18.68,18.68,18.54,0.09,1,193000,17,3596400
2016-08-02,18.63,18.65,18.65,18.6,-0.03,-1,528000,11,9829550
2016-08-03,18.75,18.67,18.75,18.65,0.02,1,30000,10,561370
2016-08-04,18.7,18.75,18.8,18.66,0.08,1,573000,10,10748580
2016-08-05,18.69,18.62,18.69,18.62,-0.13,-1,214000,9,3995370
2016-08-08,19.0,18.64,19.0,18.58,0.02,1,112000,6,2087930
2016-08-09,18.52,18.44,18.52,18.44,-0.2,-1,495000,10,9139950
2016-08-10,18.39,18.38,18.41,18.34,-0.06,-1,479000,16,8792790
2016-08-11,18.3,18.17,18.39,18.09,-0.21,-1,385000,28,7018200
2016-08-12,18.27,18.21,18.29,18.18,0.04,1,130000,7,2372530
2016-08-15,17.99,17.31,17.99,17.27,-0.9,-1,1425000,100,25222550
2016-08-16,17.3,17.58,17.66,17.3,0.27,1,631000,42,10999300
2016-08-17,17.59,17.66,17.67,17.56,0.08,1,796000,17,13997880
2016-08-18,17.66,17.63,17.66,17.55,-0.03,-1,512000,11,9020420
2016-08-19,17.77,17.81,17.87,17.75,0.18,1,2128000,91,37877340
2016-08-22,17.78,17.79,17.86,17.76,-0.02,-1,552000,21,9835210
2016-08-23,17.8,17.72,17.8,17.66,-0.07,-1,470000,18,8337770
2016-08-24,17.8,17.84,17.9,17.79,0.12,1,119000,8,2118480
2016-08-25,17.89,17.96,18.02,17.89,0.12,1,346000,23,6217610
2016-08-26,17.93,17.85,17.93,17.85,-0.11,-1,324000,8,5803120
2016-08-29,17.99,17.97,18.07,17.94,0.12,1,1763000,31,31742600
2016-08-30,17.95,17.85,17.95,17.85,-0.12,-1,767000,15,13735930
2016-08-31,17.86,17.79,17.86,17.78,-0.06,-1,276000,6,4910590
2016-09-01,17.79,17.82,17.89,17.79,0.03,1,374000,10,6680630
2016-09-02,17.89,17.88,17.89,17.88,0.06,1,12000,2,214660
2016-09-05,17.79,17.75,17.79,17.7,-0.13,-1,331000,11,5880390
2016-09-06,17.76,17.81,17.87,17.76,0.06,1,298000,7,5322140
2016-09-07,17.75,17.73,17.79,17.71,-0.08,-1,56000,7,993600
2016-09-08,17.79,17.79,17.8,17.79,0.06,1,354000,5,6298160
2016-09-09,17.77,17.78,17.8,17.74,-0.01,-1,903000,13,16053800
2016-09-10,17.89,18.04,18.04,17.89,0.26,1,101000,20,1814950
2016-09-12,18.08,18.2,18.22,18.08,0.16,1,1218000,24,22089370
2016-09-13,18.24,18.17,18.24,18.12,-0.03,-1,338000,13,6130550
2016-09-14,18.28,18.23,18.28,18.21,0.06,1,394000,25,7188190
2016-09-19,18.23,18.17,18.23,18.17,-0.06,-1,965000,27,17573920
2016-09-20,18.16,18.22,18.23,18.16,0.05,1,830000,23,15118030
2016-09-21,18.28,18.22,18.28,18.18,0.0,0,2172000,26,39619790
2016-09-22,18.13,18.07,18.15,18.01,-0.15,-1,434000,15,7859370
2016-09-23,18.09,18.1,18.11,18.09,0.03,1,840000,7,15204980
2016-09-26,18.17,18.2,18.25,18.17,0.1,1,378000,12,6883550
2016-09-29,18.29,18.23,18.29,18.23,0.03,1,310000,10,5660770
2016-09-30,18.3,18.24,18.3,18.22,0.01,1,212000,8,3868700
2016-10-03,18.25,18.26,18.27,18.25,0.02,1,33000,4,602650
2016-10-04,18.25,18.28,18.3,18.25,0.02,1,23000,3,420340
2016-10-05,18.26,18.21,18.26,18.21,-0.07,-1,320000,6,5839400
2016-10-06,18.17,18.17,18.17,18.17,-0.04,-1,25000,1,454250
2016-10-07,18.19,18.19,18.19,18.19,0.02,1,63000,2,1145970
2016-10-11,18.0,18.05,18.05,18.0,-0.14,-1,304000,7,5473300
2016-10-12,18.1,18.1,18.1,18.1,0.05,1,308000,3,5574800
2016-10-13,18.11,18.16,18.16,18.11,0.06,1,213000,16,3865550
2016-10-14,18.13,18.12,18.14,18.1,-0.04,-1,580000,13,10511700
2016-10-17,18.06,18.08,18.1,18.06,-0.04,-1,127000,10,2297100
2016-10-18,18.15,18.07,18.15,18.07,-0.01,-1,185000,8,3351570
2016-10-19,17.93,17.94,17.94,17.89,-0.13,-1,236000,26,4230040
2016-10-20,17.86,17.92,17.93,17.86,-0.02,-1,77000,10,1379440
2016-10-21,17.93,17.92,17.95,17.78,0.0,0,503000,45,8984050
2016-10-24,17.83,17.58,17.83,17.51,-0.34,-1,740000,43,13028880
2016-10-25,17.6,17.6,17.62,17.58,0.02,1,362000,13,6372250
2016-10-26,17.66,17.65,17.66,17.64,0.05,1,314000,5,5539120
2016-10-27,17.73,17.81,17.82,17.73,0.16,1,609000,12,10831160
2016-10-28,17.63,17.71,17.71,17.63,-0.1,-1,45000,5,795550
2016-10-31,17.76,17.79,17.84,17.76,0.08,1,414000,10,7364120
2016-11-01,17.77,17.67,17.77,17.65,-0.12,-1,321000,10,5697490
2016-11-02,17.72,17.81,17.81,17.72,0.14,1,245000,20,4354250
2016-11-03,17.81,17.58,17.81,17.58,-0.23,-1,298000,24,5291880
2016-11-04,17.63,17.61,17.63,17.53,0.03,1,76000,11,1334680
2016-11-07,17.64,17.61,17.64,17.58,0.0,0,1321000,35,23259980
2016-11-08,17.55,17.47,17.55,17.44,-0.14,-1,346000,19,6048670
2016-11-09,17.6,17.71,17.91,17.6,0.24,1,199000,27,3527210
2016-11-10,17.65,17.46,17.65,17.4,-0.25,-1,208000,35,3633060
2016-11-11,17.54,17.37,17.54,17.37,-0.09,-1,147000,12,2559500
2016-11-14,17.41,17.27,17.41,17.2,-0.1,-1,268000,16,4660280
2016-11-15,17.39,17.36,17.39,17.33,0.09,1,509000,11,8847440
2016-11-16,17.31,17.36,17.36,17.31,0.0,0,52000,6,901930
2016-11-17,17.42,17.4,17.45,17.4,0.04,1,122000,10,2126580
2016-11-18,17.37,17.38,17.4,17.34,-0.02,-1,129000,9,2241510
2016-11-21,17.35,17.21,17.35,17.1,-0.17,-1,225000,27,3865950
2016-11-22,17.16,17.06,17.16,17.05,-0.15,-1,95000,16,1625120
2016-11-23,17.01,16.92,17.01,16.86,-0.14,-1,57000,21,964400
2016-11-24,16.91,16.83,16.95,16.83,-0.09,-1,253000,16,4278390
2016-11-25,16.91,16.91,16.91,16.91,0.08,1,10000,1,169100
2016-11-28,16.66,16.57,16.66,16.48,-0.34,-1,244000,27,4029840
2016-11-29,16.57,16.38,16.6,16.38,-0.19,-1,100000,19,1644820
2016-11-30,16.4,16.55,16.55,16.4,0.17,1,135000,13,2221420
2016-12-01,16.57,16.54,16.57,16.4,-0.01,-1,289000,13,4762280
2016-12-02,16.56,16.7,16.71,16.54,0.16,1,734000,25,12168670
2016-12-05,16.75,16.87,16.9,16.74,0.17,1,134000,19,2259030
2016-12-06,16.81,16.87,16.87,16.79,0.0,0,303000,14,5098220
2016-12-07,16.87,16.87,16.94,16.87,0.0,0,246000,18,4161990
2016-12-08,16.76,16.84,16.86,16.75,-0.03,-1,82000,5,1375780
2016-12-09,16.85,16.48,16.85,16.48,-0.36,-1,196000,27,3257750
2016-12-12,16.57,16.77,16.84,16.48,0.29,1,329000,26,5477590
2016-12-13,16.82,16.84,16.91,16.77,0.07,1,138000,15,2327170
2016-12-14,16.85,16.79,16.85,16.79,-0.05,-1,18000,4,302520
2016-12-15,16.97,17.14,17.22,16.97,0.35,1,361000,42,6178870
2016-12-16,17.44,17.31,17.44,17.24,0.17,1,164000,24,2837880
2016-12-19,17.32,17.39,17.39,17.32,0.08,1,72000,13,1250710
2016-12-20,17.44,17.62,17.62,17.42,0.23,1,305000,33,5346580
2016-12-21,17.59,17.42,17.59,17.42,-0.2,-1,38000,11,662640
2016-12-22,17.47,17.56,17.59,17.47,0.14,1,161000,22,2825880
2016-12-23,17.63,17.65,17.66,17.63,0.09,1,20000,9,352990
2016-12-26,17.73,17.69,17.86,17.69,0.04,1,141000,26,2505160
2016-12-27,17.53,17.5,17.53,17.5,-0.19,-1,13000,4,227590
2016-12-28,17.55,17.6,17.6,17.53,0.1,1,12000,4,210740
2016-12-29,17.7,17.59,17.7,17.59,-0.01,-1,54000,7,950120
2016-12-30,17.62,17.6,17.62,17.58,0.01,1,24000,4,422780
2017-01-03,17.49,17.39,17.49,17.32,-0.21,-1,156000,14,2709180
2017-01-04,17.39,17.29,17.39,17.29,-0.1,-1,28000,8,485450
2017-01-05,17.25,17.23,17.26,17.2,-0.06,-1,862000,31,14843430
2017-01-06,17.25,17.25,17.26,17.25,0.02,1,69000,7,1190300
2017-01-09,17.27,17.21,17.29,17.21,-0.04,-1,629000,18,10849710
2017-01-10,17.29,17.27,17.32,17.27,0.06,1,100000,5,1729460
2017-01-11,17.26,17.39,17.39,17.25,0.12,1,319000,17,5529770
2017-01-12,17.35,17.35,17.36,17.35,-0.04,-1,304000,13,5276640
2017-01-13,17.37,17.25,17.4,17.25,-0.1,-1,821000,34,14266600
2017-01-16,17.34,17.36,17.44,17.34,0.11,1,692000,32,12040390
2017-01-17,17.22,17.22,17.25,17.19,-0.14,-1,471000,26,8106980
2017-01-18,17.17,17.03,17.2,17.03,-0.19,-1,820000,42,14042040
2017-01-19,17.08,17.09,17.09,17.03,0.06,1,202000,6,3445630
2017-01-20,17.09,17.05,17.09,17.04,-0.04,-1,540000,22,9214420
2017-01-23,17.0,17.01,17.01,16.96,-0.04,-1,82000,9,1394720
2017-01-24,17.04,17.05,17.05,17.04,0.04,1,248000,7,4226680
2017-02-02,17.05,16.84,17.05,16.8,-0.21,-1,415000,24,6986200
2017-02-03,16.83,17.03,17.04,16.83,0.19,1,376000,14,6359640
2017-02-06,16.99,16.99,16.99,16.99,-0.04,-1,15000,4,254850
2017-02-07,17.03,17.06,17.06,17.03,0.07,1,6000,5,102240
2017-02-08,17.11,17.11,17.2,17.11,0.05,1,437000,19,7502240
2017-02-09,17.06,16.95,17.06,16.91,-0.16,-1,155000,9,2627460
2017-02-10,16.88,16.87,16.88,16.87,-0.08,-1,54000,5,910990
2017-02-13,16.75,16.73,16.77,16.73,-0.14,-1,54000,12,904240
2017-02-14,16.75,16.79,16.79,16.75,0.06,1,174000,8,2920410
2017-02-15,16.74,16.69,16.74,16.69,-0.1,-1,6000,6,100260
2017-02-16,16.74,16.77,16.77,16.74,0.08,1,600000,18,10054020
