date,OP,CP,HP,LP,DF,RD,TV,TC,TO
2016-01-27,14.35,14.57,14.89,14.25,0.18,1,4897000,618,71937050
2016-01-28,14.58,14.61,14.85,14.55,0.04,1,1675000,158,24572340
2016-01-29,14.8,15.35,15.46,14.64,0.74,1,7426000,879,112829210
2016-01-30,15.5,15.55,15.55,15.41,0.2,1,862000,216,13359720
2016-02-01,15.55,15.31,15.58,15.16,-0.24,-1,1416000,206,21755670
2016-02-02,15.16,15.15,15.45,15.08,-0.16,-1,1516000,215,23066960
2016-02-03,14.75,14.32,15.02,14.1,-0.83,-1,2381000,341,34106980
2016-02-15,14.0,14.29,14.32,13.95,-0.03,-1,1144000,151,16149500
2016-02-16,14.4,14.79,14.85,14.35,0.5,1,976000,195,14341840
2016-02-17,14.8,14.48,14.95,14.47,-0.31,-1,3256000,225,48136360
2016-02-18,14.99,15.03,15.19,14.77,0.55,1,1308000,191,19701960
2016-02-19,14.79,14.92,14.97,14.78,-0.11,-1,1137000,94,16904790
2016-02-22,15.0,15.21,15.32,15.0,0.29,1,2265000,176,34407280
2016-02-23,15.49,15.06,15.49,14.96,-0.15,-1,912000,115,13769950
2016-02-24,14.99,14.66,15.06,14.6,-0.4,-1,963000,177,14185420
2016-02-25,14.72,14.43,14.98,14.33,-0.23,-1,3779000,310,55234770
2016-02-26,14.4,14.71,14.88,14.4,0.28,1,1145000,179,16938910
2016-03-01,14.71,14.62,14.92,14.6,-0.09,-1,762000,65,11238420
2016-03-02,15.01,15.92,15.92,15.01,1.3,1,4069000,463,64001490
2016-03-03,15.9,15.93,16.2,15.73,0.01,1,1464000,214,23520870
2016-03-04,15.9,16.09,16.22,15.9,0.16,1,1198000,154,19315080
2016-03-07,16.4,16.24,16.53,16.18,0.15,1,2501000,223,40995080
2016-03-08,16.48,16.02,16.48,15.86,-0.22,-1,916000,117,14649810
2016-03-09,16.01,15.93,16.01,15.62,-0.09,-1,636000,84,10065850
2016-03-10,16.09,16.22,16.34,16.06,0.29,1,409000,89,6630270
2016-03-11,16.0,16.31,16.38,15.8,0.09,1,890000,240,14334140
2016-03-14,16.45,16.75,16.83,16.45,0.44,1,1126000,165,18795950
2016-03-15,16.75,16.51,16.75,16.47,-0.24,-1,567000,102,9381480
2016-03-16,16.61,16.48,16.71,16.38,-0.03,-1,520000,75,8580000
2016-03-17,16.7,16.78,17.05,16.7,0.3,1,1381000,156,23320940
2016-03-18,17.0,17.0,17.09,16.82,0.22,1,865000,130,14692820
2016-03-21,17.2,17.03,17.21,16.97,0.03,1,1342000,360,22879700
2016-03-22,17.1,17.0,17.26,16.88,-0.03,-1,1571000,298,26742770
2016-03-23,16.9,16.85,17.05,16.81,-0.15,-1,600000,64,10145840
2016-03-24,16.85,16.58,16.85,16.51,-0.27,-1,882000,248,14631590
2016-03-25,16.36,16.33,16.43,16.25,-0.25,-1,407000,322,6634490
2016-03-28,16.37,16.31,16.41,16.16,-0.02,-1,957000,226,15667310
2016-03-29,16.6,16.53,16.6,16.4,0.22,1,846000,165,13966820
2016-03-30,16.64,17.01,17.13,16.64,0.48,1,2016000,149,34340290
2016-03-31,17.38,17.21,17.38,17.12,0.2,1,1119000,97,19311670
2016-04-01,17.21,16.76,17.21,16.69,-0.45,-1,2317000,93,39427010
2016-04-06,16.3,16.19,16.3,16.04,-0.57,-1,844000,197,13680670
2016-04-07,16.48,16.24,16.5,16.19,0.05,1,206000,56,3353720
2016-04-08,16.0,16.2,16.2,15.94,-0.04,-1,1040000,85,16670160
2016-04-11,16.1,16.7,16.82,16.1,0.5,1,1018000,146,16855390
2016-04-12,16.58,16.69,16.75,16.58,-0.01,-1,1033000,66,17237310
2016-04-13,16.84,17.59,17.67,16.84,0.9,1,1732000,223,30122190
2016-04-14,18.58,18.1,18.58,18.0,0.51,1,677000,164,12290050
2016-04-15,18.18,18.15,18.25,17.99,0.05,1,403000,67,7313600
2016-04-18,17.8,17.64,17.82,17.59,-0.51,-1,1576000,107,27906940
2016-04-19,17.9,18.01,18.37,17.9,0.37,1,932000,108,16904370
2016-04-20,18.24,17.77,18.31,17.69,-0.24,-1,219000,59,3951490
2016-04-21,18.0,18.47,18.6,18.0,0.7,1,1825000,178,33599520
2016-04-22,18.23,18.26,18.31,18.11,-0.21,-1,468000,80,8527210
2016-04-25,18.18,18.14,18.25,18.04,-0.12,-1,554000,33,10048500
2016-04-26,17.97,17.81,18.18,17.69,-0.33,-1,799000,95,14203840
2016-04-27,17.81,18.06,18.24,17.81,0.25,1,831000,92,15012930
2016-04-28,18.25,18.16,18.62,17.98,0.1,1,1093000,138,19911540
2016-04-29,18.04,17.64,18.04,17.5,-0.52,-1,606000,113,10692320
2016-05-03,17.51,17.23,17.51,17.05,-0.41,-1,1449000,227,24983000
2016-05-04,17.02,16.57,17.02,16.47,-0.66,-1,1364000,340,22660120
2016-05-05,16.45,16.49,16.6,16.35,-0.08,-1,756000,189,12461300
2016-05-06,16.37,16.11,16.4,16.02,-0.38,-1,941000,281,15219320
2016-05-09,16.22,16.12,16.25,16.05,0.01,1,715000,106,11542180
2016-05-10,16.08,16.07,16.14,15.85,-0.05,-1,725000,216,11611420
2016-05-11,16.27,15.96,16.49,15.88,-0.11,-1,2179000,370,35042520
2016-05-12,15.96,15.76,16.02,15.64,-0.2,-1,1013000,255,15989300
2016-05-13,15.64,15.34,15.64,15.34,-0.42,-1,1373000,376,21212950
2016-05-16,15.38,15.64,15.81,15.3,0.3,1,755000,156,11769790
2016-05-17,15.7,15.68,15.87,15.59,0.04,1,911000,113,14321490
2016-05-18,15.8,15.51,15.81,15.43,-0.17,-1,571000,148,8894670
2016-05-19,15.58,15.49,15.61,15.36,-0.02,-1,817000,195,12617990
2016-05-20,15.51,15.84,15.91,15.37,0.35,1,1703000,232,26706370
2016-05-23,15.9,15.81,15.9,15.58,-0.03,-1,1625000,185,25572210
2016-05-24,15.71,15.61,15.72,15.55,-0.2,-1,652000,206,10174750
2016-05-25,15.85,16.55,16.55,15.85,0.94,1,5382000,731,88101940
2016-05-26,16.7,16.5,16.7,16.35,-0.05,-1,924000,238,15219100
2016-05-27,16.64,16.52,16.65,16.42,0.02,1,1020000,158,16827320
2016-05-30,16.84,16.94,17.19,16.72,0.42,1,2731000,439,46382130
2016-05-31,16.94,17.52,17.52,16.94,0.58,1,1683000,284,29085600
2016-06-01,17.49,17.28,17.49,17.14,-0.24,-1,793000,187,13746800
2016-06-02,17.1,17.32,17.45,17.1,0.04,1,521000,98,9018460
2016-06-03,17.32,17.61,17.77,17.32,0.29,1,649000,171,11462210
2016-06-04,17.66,17.61,17.66,17.5,0.0,0,271000,78,4754410
2016-06-06,17.58,17.5,17.65,17.44,-0.11,-1,860000,78,15086630
2016-06-07,17.79,18.06,18.1,17.74,0.56,1,961000,169,17288700
2016-06-08,18.17,18.13,18.2,18.01,0.07,1,534000,83,9678560
2016-06-13,17.59,16.93,17.59,16.87,-1.2,-1,1673000,250,28392570
2016-06-14,16.76,16.88,16.95,16.73,-0.05,-1,701000,109,11812740
2016-06-15,16.56,16.75,16.92,16.27,-0.13,-1,1534000,264,25501030
2016-06-16,16.75,16.16,16.75,16.13,-0.59,-1,1649000,344,26824380
2016-06-17,16.3,16.36,16.58,16.3,0.2,1,763000,186,12556430
2016-06-20,16.62,16.74,16.9,16.56,0.38,1,1186000,159,19849210
2016-06-21,16.9,17.06,17.17,16.86,0.32,1,738000,170,12554230
2016-06-22,17.21,17.37,17.47,17.02,0.31,1,1372000,186,23756720
2016-06-23,17.5,17.62,17.7,17.45,0.25,1,844000,160,14836230
2016-06-24,17.75,15.93,17.94,15.6,-1.69,-1,3917000,936,64087090
2016-06-27,16.11,16.46,16.46,16.11,0.53,1,1378000,289,22459500
2016-06-28,16.25,16.35,16.39,15.93,-0.11,-1,1777000,338,28897650
2016-06-29,16.68,16.73,16.94,16.6,0.38,1,1176000,282,19731570
2016-06-30,17.2,17.53,17.66,17.14,0.8,1,1980000,412,34573970
2016-07-01,17.75,17.74,17.8,17.69,0.21,1,616000,146,10919920
2016-07-04,17.79,18.08,18.2,17.68,0.34,1,2191000,290,39418790
2016-07-05,18.3,17.75,18.3,17.63,-0.33,-1,619000,167,11002900
2016-07-06,17.5,16.97,17.5,16.77,-0.78,-1,2110000,487,35655760
2016-07-07,17.1,17.35,17.48,17.1,0.38,1,1309000,233,22702080
2016-07-11,17.7,17.83,17.93,17.7,0.48,1,1484000,276,26494650
2016-07-12,17.83,17.91,18.04,17.83,0.08,1,880000,133,15791510
2016-07-13,18.35,18.57,18.68,18.2,0.66,1,1376000,356,25435120
2016-07-14,18.3,18.56,18.58,18.3,-0.01,-1,437000,114,8081950
2016-07-15,18.77,18.9,19.19,18.77,0.34,1,784000,232,14912510
2016-07-18,19.1,19.04,19.18,18.97,0.14,1,519000,115,9894750
2016-07-19,19.07,19.0,19.13,18.95,-0.04,-1,701000,105,13355690
2016-07-20,19.0,19.41,19.43,19.0,0.41,1,1637000,184,31554440
2016-07-21,19.49,19.65,19.75,19.45,0.24,1,751000,139,14764310
2016-07-22,19.47,19.46,19.55,19.34,-0.19,-1,316000,94,6150540
2016-07-25,19.47,19.49,19.75,19.43,0.03,1,113000,45,2205070
2016-07-26,19.49,20.16,20.16,19.49,0.67,1,200000,90,3978420
2016-07-27,20.09,19.79,20.14,19.69,-0.37,-1,534000,88,10640190
2016-07-28,19.89,19.89,19.95,19.79,0.1,1,86000,40,1709330
2016-07-29,19.73,19.56,19.84,19.5,-0.33,-1,248000,57,4868880
2016-08-01,19.36,19.83,19.98,19.36,0.27,1,218000,62,4314290
2016-08-02,19.59,19.61,19.62,19.58,-0.22,-1,26000,21,509610
2016-08-03,19.41,19.08,19.41,18.97,-0.53,-1,560000,128,10679800
2016-08-04,19.2,19.24,19.3,19.08,0.16,1,381000,75,7312020
2016-08-05,19.19,19.71,19.75,19.19,0.47,1,258000,86,5053280
2016-08-08,19.99,20.21,20.26,19.91,0.5,1,651000,141,13091220
2016-08-09,20.3,20.31,20.33,20.2,0.1,1,371000,89,7526160
2016-08-10,20.32,20.46,20.52,20.24,0.15,1,365000,97,7455040
2016-08-11,20.41,20.43,20.43,20.05,-0.03,-1,343000,84,6958250
2016-08-12,20.55,20.77,20.88,20.55,0.34,1,347000,90,7199960
2016-08-15,20.95,21.27,21.3,20.8,0.5,1,1718000,215,36365840
2016-08-16,21.55,21.15,21.55,21.0,-0.12,-1,527000,188,11191380
2016-08-17,21.17,21.21,23.52,21.09,0.06,1,1271000,227,27107320
2016-08-18,21.1,21.47,21.63,21.0,0.26,1,923000,247,19780710
2016-08-19,21.47,21.2,21.62,21.01,-0.27,-1,868000,170,18415590
2016-08-22,21.07,21.09,21.31,20.96,-0.11,-1,323000,86,6826580
2016-08-23,21.0,21.28,21.4,21.0,0.19,1,137000,48,2907970
2016-08-24,21.44,21.02,21.44,20.91,-0.26,-1,423000,102,8930200
2016-08-25,21.02,21.07,21.07,20.84,0.05,1,632000,86,13231110
2016-08-26,21.07,21.2,21.32,20.87,0.13,1,841000,89,17837620
2016-08-29,21.25,20.97,21.25,20.8,-0.23,-1,774000,97,16165730
2016-08-30,21.2,21.36,21.38,21.11,0.39,1,415000,88,8824570
2016-08-31,21.36,21.31,21.44,21.25,-0.05,-1,145000,59,3091600
2016-09-01,21.24,21.5,21.6,21.05,0.19,1,426000,113,9121490
2016-09-02,21.6,21.8,21.88,21.6,0.3,1,581000,155,12656060
2016-09-05,22.0,22.57,22.57,22.0,0.77,1,916000,188,20575010
2016-09-06,22.57,22.56,22.63,22.32,-0.01,-1,625000,152,14058910
2016-09-07,22.75,22.63,22.77,22.5,0.07,1,566000,113,12821710
2016-09-08,22.58,22.76,22.76,22.55,0.13,1,335000,62,7612820
2016-09-09,22.85,23.58,23.58,22.76,0.82,1,1395000,304,32564320
2016-09-10,22.7,22.76,22.92,22.58,-0.82,-1,375000,135,8539270
2016-09-12,22.54,22.11,23.8,22.11,-0.65,-1,1469000,339,32878820
2016-09-13,22.5,22.23,22.69,22.23,0.12,1,863000,183,19307500
2016-09-14,21.99,21.84,22.05,21.7,-0.39,-1,868000,253,18921610
2016-09-19,22.01,22.5,22.5,22.01,0.66,1,547000,159,12184160
2016-09-20,22.48,22.23,22.48,22.06,-0.27,-1,254000,82,5642990
2016-09-21,22.4,22.52,22.59,22.15,0.29,1,605000,136,13535170
2016-09-22,22.88,23.0,23.31,22.88,0.48,1,1363000,297,31466580
2016-09-23,23.1,22.71,23.23,22.67,-0.29,-1,752000,205,17155570
2016-09-26,22.6,22.23,22.71,22.15,-0.48,-1,445000,141,9900680
2016-09-29,22.83,22.6,22.83,22.53,0.37,1,255000,109,5788030
2016-09-30,22.51,22.02,22.51,21.89,-0.58,-1,588000,177,12967680
2016-10-03,22.2,22.31,22.57,22.2,0.29,1,386000,146,8652950
2016-10-04,22.38,22.38,22.42,22.22,0.07,1,388000,70,8667130
2016-10-05,22.38,22.65,22.82,22.27,0.27,1,495000,153,11203190
2016-10-06,22.88,22.98,22.99,22.71,0.33,1,260000,87,5954000
2016-10-07,22.98,22.8,23.03,22.8,-0.18,-1,253000,83,5785640
2016-10-11,23.36,22.27,23.36,22.2,-0.53,-1,1105000,303,24974620
2016-10-12,22.11,21.94,22.11,21.85,-0.33,-1,1569000,260,34429530
2016-10-13,22.0,21.43,22.01,21.36,-0.51,-1,1013000,262,21894220
2016-10-14,21.13,21.62,21.65,21.13,0.19,1,323000,96,6952620
2016-10-17,21.62,21.42,21.7,21.2,-0.2,-1,495000,131,10614320
2016-10-18,21.44,21.89,21.89,21.44,0.47,1,285000,104,6197140
2016-10-19,21.93,21.84,22.03,21.75,-0.05,-1,546000,121,11952020
2016-10-20,21.97,22.12,22.15,21.94,0.28,1,201000,92,4435990
2016-10-21,22.29,21.9,22.29,21.9,-0.22,-1,110000,37,2416610
2016-10-24,22.24,22.19,22.24,21.68,0.29,1,319000,97,7035130
2016-10-25,22.29,22.3,22.34,22.21,0.11,1,334000,101,7448180
2016-10-26,22.11,21.97,22.14,21.86,-0.33,-1,419000,131,9212450
2016-10-27,21.9,21.41,21.91,21.3,-0.56,-1,1065000,229,22853980
2016-10-28,21.41,21.26,21.52,21.26,-0.15,-1,313000,129,6683120
2016-10-31,21.13,21.38,21.41,20.95,0.12,1,654000,135,13826950
2016-11-01,21.25,21.7,21.8,21.2,0.32,1,1012000,185,21894160
2016-11-02,21.4,20.95,21.5,20.95,-0.75,-1,1067000,292,22475140
2016-11-03,20.82,21.0,21.04,20.74,0.05,1,1035000,161,21610820
2016-11-04,20.76,20.7,20.89,20.66,-0.3,-1,1140000,163,23656180
2016-11-07,20.9,20.92,20.92,20.75,0.22,1,1075000,162,22410040
2016-11-08,21.19,21.07,21.25,20.99,0.15,1,1043000,164,22013270
2016-11-09,21.2,19.61,21.39,19.4,-1.46,-1,1688000,393,34487470
2016-11-10,20.58,21.06,21.09,20.58,1.45,1,1819000,276,38195810
2016-11-11,20.8,20.6,20.94,20.33,-0.46,-1,1872000,282,38473220
2016-11-14,20.79,20.05,20.85,19.8,-0.55,-1,1553000,423,31134060
2016-11-15,20.15,20.08,20.23,19.91,0.03,1,1082000,153,21750420
2016-11-16,20.25,20.26,20.34,20.09,0.18,1,1028000,147,20835880
2016-11-17,20.06,19.97,20.15,19.74,-0.29,-1,1036000,177,20657330
2016-11-18,20.08,20.03,20.1,19.77,0.06,1,1058000,177,21154110
2016-11-21,20.04,20.16,20.35,19.93,0.13,1,1004000,182,20298380
2016-11-22,20.16,20.68,20.73,20.16,0.52,1,1118000,275,23057460
2016-11-23,20.8,20.9,21.0,20.72,0.22,1,1147000,272,23966990
2016-11-24,20.81,20.57,20.9,20.4,-0.33,-1,1052000,229,21609290
2016-11-25,20.53,20.69,20.88,20.53,0.12,1,1228000,167,25381210
2016-11-28,21.25,21.15,21.25,20.91,0.46,1,1847000,378,38968320
2016-11-29,21.12,20.98,21.12,20.81,-0.17,-1,1088000,228,22820090
2016-11-30,20.98,20.91,21.1,20.85,-0.07,-1,1093000,196,22900320
2016-12-01,21.0,21.11,21.28,21.0,0.2,1,1068000,242,22594820
2016-12-02,21.2,20.5,21.2,20.49,-0.61,-1,2580000,452,53271470
2016-12-05,20.58,20.38,20.75,20.32,-0.12,-1,1181000,227,24162190
2016-12-06,20.43,20.68,20.8,20.43,0.3,1,1060000,195,21959220
2016-12-07,20.98,20.89,20.98,20.81,0.21,1,1100000,179,22961980
2016-12-08,21.16,21.2,21.43,21.16,0.31,1,1199000,347,25516830
2016-12-09,21.1,20.98,21.2,20.81,-0.22,-1,2178000,459,45688130
2016-12-12,21.1,20.38,21.1,20.35,-0.6,-1,1586000,422,32656010
2016-12-13,20.15,20.13,20.29,20.0,-0.25,-1,1021000,270,20530810
2016-12-14,20.3,20.45,20.59,20.3,0.32,1,1094000,231,22391090
2016-12-15,20.16,19.61,20.17,19.53,-0.84,-1,1810000,567,35774970
2016-12-16,19.6,19.45,19.65,19.44,-0.16,-1,1137000,241,22201140
2016-12-19,19.33,19.14,19.42,19.08,-0.31,-1,1112000,212,21353290
2016-12-20,19.0,19.0,19.2,19.0,-0.14,-1,1050000,164,20015860
2016-12-21,19.02,19.19,19.21,18.9,0.19,1,1133000,210,21681710
2016-12-22,19.1,18.74,19.11,18.74,-0.45,-1,1117000,254,21076560
2016-12-23,18.74,18.56,18.74,18.56,-0.18,-1,1126000,182,20962060
2016-12-26,18.65,18.55,18.65,18.48,-0.01,-1,1014000,67,18769300
2016-12-27,18.64,18.65,18.68,18.62,0.1,1,1029000,98,19194320
2016-12-28,18.78,18.7,18.78,18.63,0.05,1,1172000,158,21943020
2016-12-29,18.77,18.94,18.99,18.7,0.24,1,1046000,195,19769300
2016-12-30,19.03,19.47,19.47,19.03,0.53,1,1075000,284,20780970
2017-01-03,19.37,19.7,19.7,19.21,0.23,1,807000,187,15756960
2017-01-04,19.77,19.59,19.78,19.55,-0.11,-1,559000,134,10990060
2017-01-05,19.67,20.07,20.1,19.67,0.48,1,1331000,318,26566450
2017-01-06,20.12,20.26,20.4,20.12,0.19,1,1129000,225,22903140
2017-01-09,20.26,20.28,20.43,20.18,0.02,1,494000,115,10023120
2017-01-10,20.28,20.54,20.56,20.28,0.26,1,739000,179,15142260
2017-01-11,20.57,20.84,20.99,20.57,0.3,1,1829000,318,38108840
2017-01-12,20.92,20.8,21.02,20.79,-0.04,-1,911000,142,19050380
2017-01-13,21.05,20.93,21.05,20.75,0.13,1,693000,118,14501950
2017-01-16,20.85,20.47,21.05,20.43,-0.46,-1,493000,131,10133110
2017-01-17,20.48,20.69,20.73,20.48,0.22,1,300000,74,6195750
