date,OP,CP,HP,LP,DF,RD,TV,TC,TO
2016-05-09,19.5,19.85,19.86,19.5,0.03,1,5617000,990,111160470
2016-05-10,19.9,20.19,20.19,19.89,0.34,1,14140000,1875,283842950
2016-05-11,20.46,20.38,20.49,20.24,0.19,1,7849000,684,160038740
2016-05-12,20.17,20.34,20.38,20.12,-0.04,-1,2274000,149,45987340
2016-05-13,20.19,20.13,20.19,20.08,-0.21,-1,2321000,86,46738630
2016-05-16,20.31,20.1,20.37,20.06,-0.03,-1,1850000,138,37547850
2016-05-17,20.21,20.28,20.32,20.21,0.18,1,833000,87,16901000
2016-05-18,20.22,20.3,20.5,20.19,0.02,1,1793000,168,36553570
2016-05-19,20.45,20.35,20.45,20.27,0.05,1,3562000,72,72565620
2016-05-20,20.4,20.41,20.5,20.33,0.06,1,3154000,90,64389730
2016-05-23,20.09,20.33,20.37,20.08,-0.08,-1,2180000,50,43876710
2016-05-24,20.23,20.19,20.26,20.18,-0.14,-1,660000,44,13355360
2016-05-25,20.48,20.49,20.54,20.48,0.3,1,1419000,162,29101950
2016-05-26,20.62,20.59,20.66,20.55,0.1,1,2177000,89,44850550
2016-05-27,20.64,20.57,20.66,20.57,-0.02,-1,838000,25,17278640
2016-05-30,20.7,20.81,20.83,20.68,0.24,1,604000,57,12528170
2016-05-31,20.84,21.05,21.05,20.84,0.24,1,630000,61,13189810
2016-06-01,20.9,20.72,20.94,20.72,-0.33,-1,1815000,126,37879820
2016-06-02,20.4,20.28,20.4,20.22,-0.44,-1,3205000,90,65151020
2016-06-03,20.32,20.31,20.36,20.26,0.03,1,218000,20,4429780
2016-06-04,20.2,20.01,20.2,19.93,-0.3,-1,77000,28,1541210
2016-06-06,20.04,20.2,20.21,20.04,0.19,1,706000,36,14187180
2016-06-07,20.29,20.4,20.42,20.27,0.2,1,660000,44,13428420
2016-06-08,20.46,20.49,20.5,20.31,0.09,1,1017000,60,20772810
2016-06-13,20.06,19.64,20.06,19.62,-0.85,-1,918000,91,18091820
2016-06-14,19.38,19.33,19.43,19.26,-0.31,-1,1045000,83,20231540
2016-06-15,19.36,19.46,19.5,19.3,0.13,1,1856000,54,36024320
2016-06-16,19.26,18.77,19.26,18.77,-0.69,-1,2423000,148,46125020
2016-06-17,19.15,18.99,19.2,18.98,0.22,1,322000,56,6137610
2016-06-20,19.45,19.46,19.5,19.38,0.47,1,959000,98,18640480
2016-06-21,19.44,19.71,19.72,19.42,0.25,1,865000,62,16916360
2016-06-22,19.54,19.58,19.7,19.51,-0.13,-1,536000,38,10474620
2016-06-23,19.67,19.75,19.76,19.65,0.17,1,403000,34,7946180
2016-06-24,19.8,18.15,19.81,18.12,-1.6,-1,3966000,321,76220600
2016-06-27,18.41,18.57,18.58,18.39,0.42,1,756000,86,13951090
2016-06-28,18.35,18.74,18.78,18.28,0.17,1,1256000,65,23288290
2016-06-29,18.74,18.99,19.0,18.74,0.25,1,332000,69,6274460
2016-06-30,19.17,19.1,19.2,19.1,0.11,1,125000,25,2391630
2016-07-01,19.13,19.1,19.2,19.08,0.0,0,372000,18,7121250
2016-07-04,19.18,19.24,19.28,19.14,0.14,1,1225000,31,23508760
2016-07-05,19.15,19.07,19.15,19.04,-0.17,-1,1384000,32,26389160
2016-07-06,18.75,18.64,18.75,18.51,-0.43,-1,1691000,57,31476340
2016-07-07,18.68,18.61,18.72,18.61,-0.03,-1,744000,24,13910740
2016-07-11,18.94,19.24,19.24,18.94,0.63,1,824000,70,15730960
2016-07-12,19.79,19.65,19.81,19.65,0.41,1,750000,71,14803370
2016-07-13,20.06,19.85,20.06,19.83,0.2,1,3374000,88,67323200
2016-07-14,19.88,19.97,20.03,19.86,0.12,1,1530000,44,30532180
2016-07-15,20.12,20.13,20.27,20.1,0.16,1,2328000,92,46942560
2016-07-18,20.27,20.22,20.27,20.2,0.09,1,381000,21,7715550
2016-07-19,20.23,20.4,20.4,20.21,0.18,1,1370000,58,27770280
2016-07-20,20.24,20.35,20.35,20.23,-0.05,-1,208000,20,4217820
2016-07-21,20.65,20.53,20.67,20.46,0.18,1,757000,40,15587510
2016-07-22,20.36,20.29,20.37,20.25,-0.24,-1,615000,36,12507560
2016-07-25,20.4,20.35,20.5,20.34,0.06,1,840000,26,17138280
2016-07-26,20.05,20.02,20.07,19.97,-0.33,-1,2236000,52,44773470
2016-07-27,20.28,20.35,20.53,20.2,0.33,1,3440000,86,70142170
2016-07-28,20.17,20.15,20.21,20.11,-0.2,-1,370000,18,7451870
2016-07-29,20.08,20.09,20.31,19.71,-0.06,-1,3008000,121,60432600
2016-08-01,20.12,20.32,20.37,20.12,0.23,1,338000,29,6821300
2016-08-02,20.14,20.09,20.18,20.09,-0.23,-1,173000,10,3482750
2016-08-03,19.79,19.71,19.86,19.63,-0.38,-1,504000,39,9965520
2016-08-04,19.72,19.82,19.83,19.46,0.11,1,1819000,64,35536270
2016-08-05,19.9,19.87,19.91,19.84,0.05,1,322000,17,6404270
2016-08-08,20.24,20.29,20.29,20.23,0.42,1,727000,40,14716520
2016-08-09,20.31,20.46,20.46,20.31,0.17,1,584000,45,11903780
2016-08-10,20.37,20.48,20.53,20.36,0.02,1,318000,21,6497160
2016-08-11,20.35,20.44,20.44,20.35,-0.04,-1,623000,27,12695800
2016-08-12,20.59,20.62,20.67,20.57,0.18,1,618000,46,12727860
2016-08-15,20.64,20.59,20.67,20.57,-0.03,-1,187000,17,3855680
2016-08-16,20.55,20.38,20.56,20.34,-0.21,-1,525000,24,10720630
2016-08-17,20.36,20.43,20.43,20.36,0.05,1,52000,7,1060720
2016-08-18,20.37,20.26,20.39,20.25,-0.17,-1,390000,14,7934910
2016-08-19,20.26,20.19,20.29,20.14,-0.07,-1,487000,117,9860880
2016-08-22,20.2,20.27,20.27,20.2,0.08,1,51000,11,1032760
2016-08-23,20.22,20.14,20.32,20.12,-0.13,-1,296000,21,5982420
2016-08-24,20.29,20.28,20.29,20.24,0.14,1,223000,11,4519540
2016-08-25,20.19,20.22,20.33,20.19,-0.06,-1,165000,9,3345990
2016-08-26,20.0,20.1,20.1,19.98,-0.12,-1,209000,19,4180860
2016-08-29,20.41,20.46,20.46,20.41,0.36,1,403000,22,8238060
2016-08-30,20.41,20.45,20.45,20.41,-0.01,-1,201000,9,4110250
2016-08-31,20.58,20.61,20.61,20.56,0.16,1,204000,36,4199510
2016-09-01,20.63,20.63,20.65,20.6,0.02,1,341000,19,7029480
2016-09-02,20.65,20.6,20.68,20.59,-0.03,-1,152000,13,3140510
2016-09-05,20.9,20.81,20.91,20.8,0.21,1,64000,15,1337230
2016-09-06,20.81,20.82,20.82,20.8,0.01,1,43000,9,894900
2016-09-07,20.69,20.69,20.69,20.64,-0.13,-1,1227000,21,25350630
2016-09-08,20.69,20.63,20.69,20.58,-0.06,-1,290000,5,5995210
2016-09-09,20.62,20.69,20.7,20.61,0.06,1,154000,10,3177740
2016-09-10,20.51,20.52,20.52,20.51,-0.17,-1,30000,4,615500
2016-09-12,20.41,20.26,20.42,20.26,-0.26,-1,607000,15,12345660
2016-09-13,20.35,20.38,20.41,20.32,0.12,1,374000,17,7623740
2016-09-14,20.28,20.28,20.36,20.28,-0.1,-1,309000,23,6276820
2016-09-19,20.06,20.02,20.06,20.01,-0.26,-1,229000,31,4585670
2016-09-20,20.14,20.04,20.19,20.04,0.02,1,448000,25,9007700
2016-09-21,20.01,20.41,20.41,19.96,0.37,1,454000,65,9172980
2016-09-22,20.21,20.32,20.33,20.21,-0.09,-1,280000,37,5688110
2016-09-23,20.41,20.42,20.47,20.41,0.1,1,343000,24,7009880
2016-09-26,20.27,20.22,20.27,20.2,-0.2,-1,198000,20,4004800
2016-09-29,20.48,20.48,20.48,20.4,0.26,1,513000,37,10486630
2016-09-30,20.14,20.19,20.19,20.09,-0.29,-1,391000,30,7878330
2016-10-03,20.3,20.3,20.37,20.3,0.11,1,334000,22,6789540
2016-10-04,20.47,20.48,20.5,20.45,0.18,1,46000,8,942210
2016-10-05,20.51,20.59,20.6,20.51,0.11,1,362000,19,7448790
2016-10-06,20.7,20.72,20.77,20.7,0.13,1,31000,11,643340
2016-10-07,20.66,20.6,20.66,20.6,-0.12,-1,14000,4,289070
2016-10-11,20.84,20.87,20.9,20.84,0.27,1,411000,37,8588430
2016-10-12,20.74,20.72,20.75,20.67,-0.15,-1,76000,13,1574720
2016-10-13,20.89,20.56,20.89,20.45,-0.16,-1,584000,31,11998950
2016-10-14,20.54,20.64,20.64,20.53,0.08,1,204000,37,4200280
2016-10-17,20.71,20.7,20.71,20.62,0.06,1,127000,10,2626650
2016-10-18,20.67,20.72,20.74,20.67,0.02,1,668000,35,13830210
2016-10-19,20.75,20.77,20.79,20.75,0.05,1,99000,13,2056690
2016-10-20,20.93,21.03,21.05,20.92,0.26,1,538000,43,11296430
2016-10-21,21.11,21.1,21.14,21.1,0.07,1,1618000,63,34174980
2016-10-24,21.07,21.14,21.16,21.05,0.04,1,1215000,44,25648640
2016-10-25,21.29,21.24,21.29,21.23,0.1,1,1520000,53,32298760
2016-10-26,21.14,21.26,21.26,21.14,0.02,1,895000,25,18998470
2016-10-27,21.25,21.17,21.27,21.13,-0.09,-1,150000,16,3177460
2016-10-28,21.32,21.34,21.34,21.27,0.17,1,929000,27,19770460
2016-10-31,21.32,21.29,21.32,21.2,-0.05,-1,958000,38,20372730
2016-11-01,21.25,21.31,21.34,21.25,0.02,1,69000,7,1469440
2016-11-02,21.1,21.0,21.1,20.98,-0.31,-1,1213000,34,25510270
2016-11-03,20.99,20.82,20.99,20.77,-0.18,-1,127000,7,2644620
2016-11-04,20.66,20.75,20.75,20.66,-0.07,-1,9000,3,186150
2016-11-07,20.96,21.05,21.05,20.96,0.3,1,2070000,15,43085060
2016-11-08,21.06,21.05,21.07,20.97,0.0,0,352000,24,7403810
2016-11-09,21.3,19.8,21.31,19.8,-1.25,-1,829000,56,17297700
2016-11-10,20.95,21.21,21.21,20.95,1.41,1,354000,35,7444920
2016-11-11,21.38,21.29,21.45,21.24,0.08,1,72000,12,1540480
2016-11-14,21.45,21.62,21.62,21.45,0.33,1,352000,23,7593510
2016-11-15,21.58,21.6,21.62,21.55,-0.02,-1,426000,15,9199460
2016-11-16,21.76,21.84,21.84,21.74,0.24,1,219000,24,4772620
2016-11-17,21.69,21.78,21.8,21.68,-0.06,-1,241000,14,5246520
2016-11-18,21.97,21.98,22.0,21.97,0.2,1,43000,10,945760
2016-11-21,21.96,22.03,22.03,21.96,0.05,1,19000,7,418070
2016-11-22,22.03,22.19,22.19,22.03,0.16,1,584000,206,12925800
2016-11-23,22.14,22.15,22.16,22.14,-0.04,-1,37000,8,819820
2016-11-24,22.39,22.34,22.39,22.33,0.19,1,259000,13,5787320
2016-11-25,22.42,22.24,22.43,22.22,-0.1,-1,144000,24,3215900
2016-11-28,22.18,22.28,22.28,22.14,0.04,1,289000,10,6410880
2016-11-29,22.26,22.22,22.26,22.22,-0.06,-1,69000,10,1534790
2016-11-30,22.29,22.22,22.3,22.2,0.0,0,1337000,30,29750390
2016-12-01,22.56,22.4,22.67,22.4,0.18,1,791000,41,17860560
2016-12-02,22.3,22.3,22.3,22.3,-0.1,-1,10000,1,223000
2016-12-05,22.25,22.11,22.25,22.1,-0.19,-1,1064000,28,23546330
2016-12-06,22.36,22.26,22.36,22.24,0.15,1,75000,8,1670570
2016-12-07,22.35,22.3,22.37,22.29,0.04,1,956000,30,21335040
2016-12-08,22.39,22.56,22.56,22.33,0.26,1,701000,57,15767840
2016-12-09,22.88,22.93,22.94,22.81,0.37,1,204000,20,4662650
2016-12-12,23.21,23.06,23.21,23.0,0.13,1,241000,14,5555180
2016-12-13,23.07,23.11,23.11,23.03,0.05,1,16000,5,368980
2016-12-14,23.18,23.22,23.22,23.14,0.11,1,135000,8,3133800
2016-12-15,23.22,23.26,23.26,23.22,0.04,1,71000,4,1650940
2016-12-16,23.27,23.27,23.27,23.27,0.01,1,15000,2,349050
2016-12-19,23.2,23.24,23.24,23.17,-0.03,-1,38000,4,882190
2016-12-20,23.3,23.42,23.42,23.3,0.18,1,76000,7,1773960
2016-12-21,23.48,23.29,23.48,23.29,-0.13,-1,69000,8,1615230
2016-12-22,23.26,23.25,23.26,23.25,-0.04,-1,18000,4,418600
2016-12-23,23.34,23.33,23.38,23.33,0.08,1,163000,6,3806610
2016-12-26,23.35,23.31,23.35,23.31,-0.02,-1,13000,2,303430
2016-12-27,23.36,23.36,23.4,23.36,0.05,1,137000,5,3203400
2016-12-28,23.39,23.34,23.39,23.34,-0.02,-1,12000,3,280580
2016-12-29,23.19,23.06,23.19,23.01,-0.28,-1,25000,6,578270
2016-12-30,22.97,23.1,23.14,22.93,0.04,1,123000,8,2835240
2017-01-03,23.15,23.16,23.16,23.11,0.06,1,591000,15,13665220
2017-01-04,23.32,23.58,23.58,23.32,0.42,1,267000,230,6277850
2017-01-05,23.59,23.36,23.59,23.36,-0.22,-1,423000,17,9922370
2017-01-06,23.33,23.37,23.38,23.32,0.01,1,68000,5,1586930
2017-01-09,23.52,23.48,23.54,23.48,0.11,1,1758000,64,41348720
2017-01-10,23.24,23.08,23.25,23.08,-0.4,-1,231000,12,5348650
2017-01-11,23.23,23.24,23.25,23.2,0.16,1,317000,17,7362350
2017-01-12,22.94,23.01,23.07,22.91,-0.23,-1,746000,26,17171030
2017-01-13,23.09,23.11,23.15,23.09,0.1,1,215000,8,4968670
2017-01-16,22.99,22.92,22.99,22.88,-0.19,-1,227000,12,5200820
2017-01-17,22.81,22.66,22.81,22.66,-0.26,-1,24000,10,546340
2017-01-18,22.41,22.63,22.63,22.41,-0.03,-1,715000,25,16076850
2017-01-19,22.91,22.96,22.96,22.82,0.33,1,246000,12,5639130
2017-01-20,22.92,22.96,22.96,22.91,0.0,0,45000,4,1032300
2017-01-23,22.78,22.78,22.82,22.7,-0.18,-1,473000,24,10757050
2017-01-24,22.69,22.58,22.71,22.58,-0.2,-1,238000,10,5396220
2017-02-02,22.9,22.76,22.92,22.76,0.18,1,15000,6,343320
2017-02-03,22.81,22.7,22.81,22.59,-0.06,-1,462000,31,10494630
2017-02-06,22.74,22.86,22.86,22.72,0.16,1,1131000,40,25756560
2017-02-07,22.66,22.87,22.87,22.66,0.01,1,437000,21,9977680
2017-02-08,22.83,22.86,22.86,22.77,-0.01,-1,300000,10,6843030
2017-02-09,22.8,22.87,22.9,22.8,0.01,1,913000,62,20854290
2017-02-10,23.19,23.22,23.27,23.18,0.35,1,937000,31,21770400
2017-02-13,23.32,23.46,23.47,23.28,0.24,1,1220000,58,28553050
2017-02-14,23.43,23.31,23.43,23.24,-0.15,-1,909000,43,21234380
2017-02-15,23.38,23.38,23.42,23.38,0.07,1,560000,27,13108450
2017-02-16,23.27,23.23,23.33,23.18,-0.15,-1,57000,10,1322780
2017-02-17,23.14,23.1,23.14,23.1,-0.13,-1,16000,4,369740
2017-02-18,,,,,0.0,0,0,0,0
2017-02-20,23.09,23.15,23.19,23.06,0.0,0,22000,7,508240
2017-02-21,23.25,23.31,23.31,23.25,0.16,1,11000,2,255810
2017-02-22,23.27,23.27,23.27,23.27,-0.04,-1,10000,1,232700
2017-02-23,23.19,23.24,23.24,23.19,-0.03,-1,67000,8,1555900
2017-02-24,23.21,23.16,23.24,23.16,-0.08,-1,99000,6,2294940
2017-03-01,23.24,23.3,23.3,23.1,0.14,1,59000,11,1367610
2017-03-02,23.56,23.49,23.56,23.49,0.19,1,671000,20,15800350
2017-03-03,23.45,23.3,23.45,23.29,-0.19,-1,53000,6,1237710
2017-03-06,23.27,23.28,23.28,23.27,-0.02,-1,123000,5,2862270
2017-03-07,23.24,23.24,23.24,23.24,-0.04,-1,12000,3,278880
2017-03-08,23.09,23.07,23.09,23.06,-0.17,-1,19000,7,438630
2017-03-09,23.2,23.19,23.2,23.19,0.12,1,109000,4,2528790
2017-03-10,23.44,23.52,23.52,23.44,0.33,1,20000,6,469190
2017-03-13,23.55,23.58,23.59,23.55,0.06,1,520000,22,12258600
2017-03-14,23.57,23.57,23.57,23.57,-0.01,-1,10000,1,235700
2017-03-15,23.44,23.44,23.44,23.44,-0.13,-1,10000,1,234400
2017-03-16,23.47,23.51,23.54,23.47,0.07,1,27000,4,634520
2017-03-17,23.44,23.44,23.44,23.44,-0.07,-1,10000,1,234400
2017-03-20,23.35,23.36,23.36,23.3,-0.08,-1,799000,32,18638690
2017-03-21,23.28,23.35,23.37,23.28,-0.01,-1,499000,11,11645820
2017-03-22,23.01,22.93,23.01,22.88,-0.42,-1,55000,10,1260820
2017-03-23,22.89,22.95,22.95,22.88,0.02,1,17000,3,389200
2017-03-24,23.09,23.16,23.17,23.09,0.21,1,52000,5,1203650
2017-03-27,22.89,22.88,22.89,22.79,-0.28,-1,25000,7,571010
2017-03-28,23.09,23.1,23.1,23.02,0.22,1,118000,9,2724060
2017-03-29,23.16,23.21,23.21,23.16,0.11,1,12000,3,278020
2017-03-30,23.14,23.1,23.14,23.1,-0.11,-1,25000,3,578000
2017-03-31,23.19,23.19,23.19,23.19,0.09,1,4000,1,92760
2017-04-05,22.9,22.82,22.9,22.82,-0.37,-1,172000,13,3926850
2017-04-06,22.72,22.56,22.72,22.49,-0.26,-1,121000,16,2729550
2017-04-07,22.73,22.73,22.73,22.5,0.17,1,58000,10,1314950
2017-04-10,22.81,22.78,22.83,22.78,0.05,1,34000,6,774980
2017-04-11,22.74,22.71,22.74,22.65,-0.07,-1,5000,4,113490
2017-04-12,22.47,22.46,22.49,22.45,-0.25,-1,8000,6,179740
2017-04-13,22.28,22.29,22.3,22.24,-0.17,-1,502000,26,11191440
2017-04-14,22.29,22.19,22.29,22.19,-0.1,-1,15000,5,333850
2017-04-17,22.2,22.17,22.2,22.15,-0.02,-1,13000,5,288340
2017-04-18,22.47,22.36,22.47,22.36,0.19,1,7000,6,156950
2017-04-19,22.36,22.36,22.36,22.36,0.0,0,1000,1,22360
2017-04-20,22.49,22.49,22.49,22.49,0.13,1,1000,1,22490
2017-04-21,22.5,22.57,22.57,22.5,0.08,1,19000,3,427600
2017-04-24,22.87,22.81,22.87,22.8,0.24,1,285000,11,6513980
2017-04-25,22.92,22.99,23.03,22.86,0.18,1,549000,26,12577390
2017-04-26,23.13,23.2,23.2,23.13,0.21,1,10000,4,231930
