date,OP,CP,HP,LP,DF,RD,TV,TC,TO
2016-03-29,19.69,19.49,19.74,19.49,-0.55,-1,6106000,870,119936570
2016-03-30,19.59,19.78,19.82,19.59,0.29,1,4106500,490,81173299
2016-03-31,19.9,19.97,20.0,19.9,0.19,1,3432060,431,68459810
2016-04-01,19.97,19.86,20.0,19.82,-0.11,-1,2276000,233,45294660
2016-04-06,19.8,19.54,19.8,19.54,-0.32,-1,2436000,205,47688800
2016-04-07,19.55,19.47,19.65,19.37,-0.07,-1,2289000,227,44633350
2016-04-08,19.49,19.43,19.49,19.35,-0.04,-1,5941000,233,115313770
2016-04-11,19.48,19.44,19.49,19.38,0.01,1,3570000,177,69396410
2016-04-12,19.61,19.77,19.78,19.61,0.33,1,2695000,263,53183260
2016-04-13,19.9,20.11,20.13,19.9,0.34,1,7778000,913,155985240
2016-04-14,20.15,20.21,20.26,20.14,0.1,1,2976000,556,60145170
2016-04-15,20.2,20.3,20.31,20.2,0.09,1,4018000,271,81331940
2016-04-18,20.29,20.2,20.29,20.1,-0.1,-1,4279000,205,86485650
2016-04-19,20.39,20.41,20.42,20.3,0.21,1,1860000,172,37897040
2016-04-20,20.41,20.23,20.42,20.23,-0.18,-1,1788000,172,36329190
2016-04-21,20.35,20.3,20.41,20.29,0.07,1,3566000,193,72614800
2016-04-22,20.2,20.27,20.29,20.18,-0.03,-1,2469000,110,49955530
2016-04-25,20.4,20.13,20.4,20.12,-0.14,-1,1995000,88,40370720
2016-04-26,20.11,20.1,20.16,20.03,-0.03,-1,1598000,81,32100260
2016-04-27,20.3,20.32,20.36,20.23,0.22,1,1250000,134,25408140
2016-04-28,20.42,20.34,20.48,20.32,0.02,1,1990000,120,40621290
2016-04-29,20.25,20.09,20.25,20.0,-0.25,-1,2849000,163,57223770
2016-05-03,20.1,20.13,20.22,19.93,0.04,1,2419000,188,48596230
2016-05-04,19.82,19.73,19.82,19.69,-0.4,-1,2376000,251,46880780
2016-05-05,19.67,19.7,19.74,19.64,-0.03,-1,1228000,89,24189300
2016-05-06,19.77,19.64,19.77,19.58,-0.06,-1,1619000,110,31809490
2016-05-09,19.56,20.01,20.01,19.55,0.37,1,1681000,125,33463720
2016-05-10,20.02,20.02,20.05,19.98,0.01,1,1041000,75,20841470
2016-05-11,20.05,20.07,20.07,19.82,0.05,1,2489000,161,49715390
2016-05-12,20.02,20.1,20.17,19.91,0.03,1,1237000,90,24799220
2016-05-13,20.1,19.91,20.1,19.87,-0.19,-1,1195000,78,23829050
2016-05-16,19.82,19.78,19.87,19.75,-0.13,-1,1255000,73,24857350
2016-05-17,19.96,20.01,20.02,19.94,0.23,1,2150000,84,42977080
2016-05-18,20.0,19.86,20.0,19.84,-0.15,-1,1685000,94,33552410
2016-05-19,19.98,19.95,19.98,19.89,0.09,1,1536000,57,30598860
2016-05-20,19.76,19.8,19.84,19.73,-0.15,-1,1732000,88,34277790
2016-05-23,19.74,19.72,19.79,19.64,-0.08,-1,1746000,99,34442340
2016-05-24,19.7,19.63,19.7,19.61,-0.09,-1,1509000,96,29633130
2016-05-25,19.77,19.92,19.94,19.77,0.29,1,1236000,93,24614110
2016-05-26,20.1,20.1,20.16,20.07,0.18,1,2110000,145,42431670
2016-05-27,20.24,20.46,20.46,20.24,0.36,1,3090000,363,62994760
2016-05-30,20.6,20.59,20.66,20.56,0.13,1,1050000,212,21649590
2016-05-31,20.7,20.63,20.71,20.59,0.04,1,1380000,207,28518870
2016-06-01,20.65,20.77,20.78,20.62,0.14,1,1196000,146,24761750
2016-06-02,20.77,20.67,20.77,20.66,-0.1,-1,1319000,128,27309630
2016-06-03,20.78,20.87,20.91,20.78,0.2,1,1153000,134,24067430
2016-06-04,20.85,20.79,20.85,20.68,-0.08,-1,410000,39,8509760
2016-06-06,20.82,20.8,20.85,20.79,0.01,1,1564000,86,32551730
2016-06-07,20.82,20.77,20.84,20.77,-0.03,-1,1089000,63,22664530
2016-06-08,20.83,20.81,20.87,20.8,0.04,1,1561000,89,32510780
2016-06-13,20.75,20.45,20.75,20.42,-0.36,-1,1428000,69,29229090
2016-06-14,20.46,20.43,20.5,20.4,-0.02,-1,1324000,68,27090020
2016-06-15,20.43,20.53,20.57,20.43,0.1,1,1356000,76,27837120
2016-06-16,20.61,20.48,20.72,20.44,-0.05,-1,1380000,118,28364540
2016-06-17,20.55,20.62,20.71,20.55,0.14,1,998000,86,20612450
2016-06-20,20.51,20.73,20.77,20.48,0.11,1,1376000,128,28268930
2016-06-21,20.79,20.76,20.86,20.75,0.03,1,997000,75,20769810
2016-06-22,20.76,20.75,20.81,20.68,-0.01,-1,1009060,69,20943135
2016-06-23,20.75,20.66,20.76,20.66,-0.09,-1,1016000,61,21034230
2016-06-24,20.75,20.06,20.79,20.0,-0.6,-1,1436000,177,29147290
2016-06-27,20.0,20.39,20.44,20.0,0.33,1,1119000,80,22725830
2016-06-28,20.2,20.47,20.48,20.2,0.08,1,1047000,62,21348690
2016-06-29,20.54,20.6,20.62,20.54,0.13,1,1222000,70,25142120
2016-06-30,20.73,20.82,20.85,20.73,0.22,1,1367000,99,28454230
2016-07-01,20.9,21.01,21.02,20.88,0.19,1,1317000,103,27587610
2016-07-04,21.01,21.12,21.12,21.01,0.11,1,956000,68,20163520
2016-07-05,21.16,21.0,21.16,20.99,-0.12,-1,1037000,84,21795940
2016-07-06,20.93,20.85,20.93,20.79,-0.15,-1,1214000,65,25282100
2016-07-07,20.95,20.94,20.95,20.92,0.09,1,863000,30,18063190
2016-07-11,21.0,21.26,21.28,21.0,0.32,1,1192000,121,25234210
2016-07-12,21.3,21.26,21.34,21.25,0.0,0,884000,56,18819950
2016-07-13,21.35,21.28,21.36,21.28,0.02,1,1255000,69,26765540
2016-07-14,21.28,21.3,21.32,21.26,0.02,1,1200000,56,25549250
2016-07-15,21.4,21.29,21.47,21.27,-0.01,-1,1213000,91,25986760
2016-07-18,21.29,21.3,21.31,21.26,0.01,1,988000,48,21027530
2016-07-19,21.25,21.23,21.25,21.17,-0.07,-1,1037008,48,22002638
2016-07-20,21.23,21.37,21.39,21.23,0.14,1,981000,48,20970410
2016-07-21,21.37,21.36,21.42,21.35,-0.01,-1,864000,43,18489700
2016-07-22,21.29,21.17,21.29,21.15,-0.19,-1,1213000,50,25720940
2016-07-25,21.24,21.21,21.24,21.17,0.04,1,1112000,63,23588210
2016-07-26,21.3,21.46,21.48,21.3,0.25,1,985000,61,21129860
2016-07-27,21.46,21.55,21.58,21.42,0.09,1,853000,49,18300590
2016-07-28,21.5,21.57,21.58,21.45,0.02,1,863000,46,18556410
2016-07-29,21.6,21.56,21.6,21.53,-0.01,-1,1114000,50,24019240
2016-08-01,21.51,21.7,21.71,21.51,0.14,1,1015000,51,21995260
2016-08-02,21.71,21.52,21.71,21.47,-0.18,-1,850000,45,18269460
2016-08-03,21.49,21.3,21.49,21.3,-0.22,-1,898000,42,19166010
2016-08-04,21.53,21.29,21.53,21.17,-0.01,-1,1024000,53,21830450
2016-08-05,21.29,21.48,21.48,21.29,0.19,1,918000,47,19656410
2016-08-08,21.56,21.58,21.62,21.56,0.1,1,914000,67,19744970
2016-08-09,21.58,21.51,21.58,21.51,-0.07,-1,1002000,49,21598570
2016-08-10,21.5,21.27,21.52,21.25,-0.24,-1,928000,56,19912890
2016-08-11,21.25,21.1,21.25,21.02,-0.17,-1,861000,61,18173830
2016-08-12,21.02,21.38,21.38,21.02,0.28,1,822000,46,17523420
2016-08-15,21.48,21.49,21.53,21.48,0.11,1,792000,43,17028390
2016-08-16,21.52,21.4,21.55,21.4,-0.09,-1,789000,48,16964080
2016-08-17,21.28,21.3,21.31,21.27,-0.1,-1,741000,33,15774010
2016-08-18,21.21,21.44,21.44,21.21,0.14,1,929000,31,19815140
2016-08-19,21.44,21.38,21.44,21.34,-0.06,-1,729000,32,15572050
2016-08-22,21.44,21.29,21.47,21.28,-0.09,-1,768000,49,16443490
2016-08-23,21.25,21.24,21.26,21.23,-0.05,-1,610000,31,12960310
2016-08-24,21.3,21.32,21.34,21.28,0.08,1,632000,31,13460390
2016-08-25,21.36,21.42,21.45,21.36,0.1,1,624000,34,13358430
2016-08-26,21.2,21.15,21.22,21.12,-0.27,-1,876000,82,18571830
2016-08-29,21.15,21.1,21.15,21.04,-0.05,-1,608000,53,12822780
2016-08-30,21.1,21.32,21.32,21.1,0.22,1,619000,41,13164100
2016-08-31,21.44,21.58,21.63,21.43,0.26,1,755000,91,16278540
2016-09-01,21.7,21.63,21.7,21.56,0.05,1,610000,54,13180250
2016-09-02,21.6,21.53,21.6,21.53,-0.1,-1,808000,50,17416700
2016-09-05,21.71,21.81,21.81,21.71,0.28,1,687000,65,14953750
2016-09-06,21.81,21.77,21.81,21.7,-0.04,-1,1910000,85,41544670
2016-09-07,21.8,21.86,21.9,21.8,0.09,1,767000,63,16780580
2016-09-08,21.87,21.88,21.88,21.82,0.02,1,794000,31,17329850
2016-09-09,21.82,21.78,21.9,21.78,-0.1,-1,989000,43,21616310
2016-09-10,21.67,21.48,21.67,21.48,-0.3,-1,59000,25,1270790
2016-09-12,21.48,21.38,21.5,21.38,-0.1,-1,951000,51,20403970
2016-09-13,21.5,21.45,21.5,21.45,0.07,1,145000,21,3114260
2016-09-14,21.35,21.32,21.38,21.29,-0.13,-1,274000,51,5848190
2016-09-19,21.31,21.54,21.54,21.31,0.22,1,230000,27,4935510
2016-09-20,21.52,21.51,21.52,21.45,-0.03,-1,213000,26,4580990
2016-09-21,21.39,21.62,21.62,21.38,0.11,1,811000,92,17416140
2016-09-22,21.62,21.79,21.8,21.62,0.17,1,250000,47,5433590
2016-09-23,21.81,21.72,21.81,21.67,-0.07,-1,226000,48,4905690
2016-09-26,21.57,21.57,21.62,21.57,-0.15,-1,212000,34,4577870
2016-09-29,21.62,21.53,21.62,21.49,-0.04,-1,717000,63,15456710
2016-09-30,21.2,21.08,21.2,20.9,-0.45,-1,401000,89,8425630
2016-10-03,21.12,21.24,21.28,21.1,0.16,1,644000,69,13654550
2016-10-04,21.34,21.39,21.5,21.33,0.15,1,287000,61,6131310
2016-10-05,21.5,21.33,21.52,21.31,-0.06,-1,827000,90,17743040
2016-10-06,21.46,21.4,21.46,21.36,0.07,1,212000,33,4535560
2016-10-07,21.3,21.18,21.3,21.17,-0.22,-1,264000,58,5596980
2016-10-11,21.49,21.14,21.49,21.08,-0.04,-1,203432,29,4324329
2016-10-12,21.14,21.19,21.19,21.14,0.05,1,261000,43,5521730
2016-10-13,21.11,20.96,21.13,20.96,-0.23,-1,242000,69,5085290
2016-10-14,20.88,20.91,20.92,20.83,-0.05,-1,362000,112,7560600
2016-10-17,20.95,20.87,20.95,20.78,-0.04,-1,447000,52,9331630
2016-10-18,20.87,20.84,20.87,20.72,-0.03,-1,643000,87,13365210
2016-10-19,21.01,21.0,21.04,20.97,0.16,1,324000,61,6805750
2016-10-20,21.03,21.12,21.16,21.03,0.12,1,582000,64,12283470
2016-10-21,21.13,21.04,21.14,21.03,-0.08,-1,473000,55,9974130
2016-10-24,21.14,21.18,21.23,21.14,0.14,1,157000,28,3325960
2016-10-25,21.15,21.07,21.2,21.07,-0.11,-1,353000,47,7466000
2016-10-26,21.02,20.96,21.05,20.92,-0.11,-1,805000,67,16875920
2016-10-27,20.91,20.81,20.92,20.81,-0.15,-1,410000,56,8552790
2016-10-28,20.91,21.0,21.01,20.79,0.19,1,349000,53,7284320
2016-10-31,20.89,20.87,20.91,20.79,-0.13,-1,388000,49,8096560
2016-11-01,20.86,20.99,20.99,20.86,0.12,1,281000,23,5876610
2016-11-02,20.88,20.68,20.88,20.68,-0.31,-1,500000,60,10356010
2016-11-03,20.6,20.62,20.65,20.52,-0.06,-1,256000,56,5270770
2016-11-04,20.41,20.49,20.59,20.41,-0.13,-1,181000,50,3716130
2016-11-07,20.48,20.59,20.61,20.48,0.1,1,285000,37,5863870
2016-11-08,20.65,20.58,20.65,20.56,-0.01,-1,352000,41,7242380
2016-11-09,20.43,19.93,20.63,19.53,-0.65,-1,548000,150,10989310
2016-11-10,20.3,20.75,20.75,20.3,0.82,1,503000,80,10368070
2016-11-11,20.75,20.32,20.75,20.3,-0.43,-1,477000,85,9704010
2016-11-14,20.31,19.98,20.31,19.91,-0.34,-1,385000,114,7680580
2016-11-15,20.0,19.83,20.03,19.72,-0.15,-1,648000,125,12887260
2016-11-16,19.82,19.73,19.83,19.68,-0.1,-1,842000,186,16643930
2016-11-17,19.73,19.66,19.73,19.62,-0.07,-1,484000,79,9518850
2016-11-18,19.75,19.52,19.75,19.46,-0.14,-1,476000,153,9282250
2016-11-21,19.52,19.3,19.6,19.3,-0.22,-1,1186000,217,23080440
2016-11-22,19.3,19.25,19.34,19.22,-0.05,-1,947000,213,18235360
2016-11-23,19.3,19.39,19.47,19.3,0.14,1,980000,216,19024140
2016-11-24,19.4,19.28,19.4,19.27,-0.11,-1,730000,168,14090370
2016-11-25,19.36,19.4,19.4,19.28,0.12,1,490000,87,9475680
2016-11-28,19.5,19.58,19.58,19.43,0.18,1,795000,162,15489300
2016-11-29,19.58,19.68,19.69,19.52,0.1,1,562000,115,11027150
2016-11-30,19.69,19.69,19.69,19.61,0.01,1,528000,91,10371040
2016-12-01,19.78,19.73,19.78,19.71,0.04,1,365000,125,7207160
2016-12-02,19.73,19.52,19.73,19.5,-0.21,-1,427000,138,8352340
2016-12-05,19.51,19.46,19.51,19.41,-0.06,-1,616000,97,11978330
2016-12-06,19.54,19.57,19.6,19.47,0.11,1,648000,98,12673340
2016-12-07,19.56,19.55,19.56,19.53,-0.02,-1,218000,53,4261330
2016-12-08,19.53,19.67,19.69,19.5,0.12,1,408000,79,8011660
2016-12-09,19.72,19.77,19.79,19.71,0.1,1,403000,102,7961680
2016-12-12,19.8,19.65,19.81,19.64,-0.12,-1,524000,111,10345550
2016-12-13,19.6,19.58,19.62,19.55,-0.07,-1,438000,87,8575590
2016-12-14,19.69,19.59,19.69,19.59,0.01,1,154000,51,3022120
2016-12-15,19.5,19.61,19.65,19.39,0.02,1,663000,110,12927120
2016-12-16,19.6,19.49,19.62,19.48,-0.12,-1,358000,82,6989150
2016-12-19,19.52,19.47,19.52,19.41,-0.02,-1,200000,58,3890400
2016-12-20,19.49,19.45,19.49,19.43,-0.02,-1,155000,31,3014020
2016-12-21,19.45,19.43,19.45,19.38,-0.02,-1,558000,97,10839900
2016-12-22,19.38,19.18,19.38,19.15,-0.25,-1,579000,175,11143610
2016-12-23,19.17,19.08,19.17,19.06,-0.1,-1,591000,131,11298370
2016-12-26,19.08,18.97,19.09,18.91,-0.11,-1,597000,160,11347160
2016-12-27,18.95,19.02,19.02,18.94,0.05,1,295000,80,5596960
2016-12-28,19.14,19.29,19.34,19.14,0.27,1,549000,106,10571360
2016-12-29,19.28,19.26,19.3,19.18,-0.03,-1,232000,42,4464470
2016-12-30,19.38,19.47,19.52,19.38,0.21,1,618000,116,12024750
2017-01-03,19.52,19.58,19.59,19.48,0.11,1,367000,75,7175510
2017-01-04,19.7,19.6,19.7,19.58,0.02,1,479000,145,9388330
2017-01-05,19.6,19.75,19.75,19.6,0.15,1,381000,102,7500600
2017-01-06,19.79,19.77,19.83,19.74,0.02,1,544000,173,10768580
2017-01-09,19.72,19.69,19.76,19.68,-0.08,-1,339000,90,6683130
2017-01-10,19.69,19.7,19.73,19.62,0.01,1,85000,39,1672430
2017-01-11,19.83,19.88,19.9,19.83,0.18,1,393000,128,7805180
2017-01-12,19.9,20.01,20.06,19.9,0.13,1,315000,116,6306230
2017-01-13,20.03,19.98,20.1,19.95,-0.03,-1,374000,99,7494090
2017-01-16,20.1,19.99,20.1,19.93,0.01,1,385000,74,7684560
2017-01-17,20.08,19.97,20.08,19.95,-0.02,-1,257000,67,5143030
2017-01-18,19.97,20.05,20.06,19.9,0.08,1,341000,50,6820110
2017-01-19,20.05,20.0,20.05,19.97,-0.05,-1,160000,37,3200550
2017-01-20,20.0,19.99,20.01,19.93,-0.01,-1,45000,27,899190
2017-01-23,19.98,19.92,19.98,19.8,-0.07,-1,226000,85,4484820
2017-01-24,19.92,20.04,20.05,19.92,0.12,1,360950,83,7224768
2017-02-02,20.5,20.57,20.59,20.45,0.53,1,465000,173,9554270
2017-02-03,20.6,20.6,20.7,20.59,0.03,1,520895,117,10759326
2017-02-06,20.66,20.75,20.76,20.66,0.15,1,477000,132,9884610
2017-02-07,20.75,20.7,20.75,20.67,-0.05,-1,247250,87,5117579
2017-02-08,20.7,20.72,20.74,20.67,0.02,1,155500,76,3219379
2017-02-09,20.72,20.62,20.83,20.61,-0.1,-1,327619,106,6797865
2017-02-10,20.63,20.8,20.83,20.63,0.18,1,420020,70,8742215
2017-02-13,20.72,20.79,20.87,20.72,-0.01,-1,345000,62,7188210
2017-02-14,20.8,20.73,20.82,20.7,-0.06,-1,423257,73,8774749
2017-02-15,20.71,20.64,20.74,20.63,-0.09,-1,339300,68,7012553
2017-02-16,20.63,20.57,20.63,20.56,-0.07,-1,350119,78,7207307
