date,OP,CP,HP,LP,DF,RD,TV,TC,TO
2016-07-14,19.91,20.04,20.15,19.89,0.06,1,7393000,1706,148318690
2016-07-15,20.15,20.52,20.53,20.12,0.48,1,4321000,687,87719930
2016-07-18,20.61,20.89,20.9,20.59,0.37,1,2726000,397,56521590
2016-07-19,20.98,21.02,21.04,20.75,0.13,1,3062000,358,63983490
2016-07-20,20.9,20.91,21.1,20.78,-0.11,-1,2444000,299,51172820
2016-07-21,21.13,21.35,21.46,21.08,0.44,1,2488000,358,53046220
2016-07-22,21.25,21.14,21.35,21.1,-0.21,-1,2561000,271,54329340
2016-07-25,21.36,20.91,21.55,20.51,-0.23,-1,6896000,481,144755110
2016-07-26,20.97,21.18,21.18,20.78,0.27,1,2723000,238,57112910
2016-07-27,21.42,21.32,21.53,21.2,0.14,1,3692000,268,79065170
2016-07-28,21.29,21.37,21.52,21.07,0.05,1,3030000,190,64711920
2016-07-29,21.33,21.09,21.41,21.07,-0.28,-1,2354000,234,50035630
2016-08-01,21.19,21.51,21.55,21.16,0.42,1,1611000,215,34485930
2016-08-02,21.52,21.48,21.55,21.41,-0.03,-1,1115000,118,23969650
2016-08-03,20.85,21.14,21.28,20.77,-0.34,-1,2867000,272,60170560
2016-08-04,21.3,21.26,21.33,20.94,0.12,1,1952000,220,41194450
2016-08-05,21.45,21.68,21.74,21.31,0.42,1,2542000,243,54764250
2016-08-08,22.0,21.96,22.08,21.74,0.28,1,2752000,291,60338870
2016-08-09,21.92,22.01,22.1,21.92,0.05,1,960000,222,21136930
2016-08-10,22.01,22.18,22.21,21.87,0.17,1,1742000,212,38383770
2016-08-11,21.99,21.85,22.18,21.43,-0.33,-1,3444000,402,74908690
2016-08-12,22.01,22.03,22.12,21.92,0.18,1,2583000,278,56907910
2016-08-15,22.08,22.01,22.16,21.86,-0.02,-1,2373000,134,52273350
2016-08-16,22.03,21.86,22.11,21.69,-0.15,-1,2594000,233,56839240
2016-08-17,21.81,21.84,21.87,21.7,-0.02,-1,1880000,148,40956720
2016-08-18,21.78,21.92,21.99,21.78,0.08,1,869000,121,19038860
2016-08-19,22.0,21.52,22.22,21.52,-0.4,-1,4071000,382,88881180
2016-08-22,21.36,21.23,21.46,21.03,-0.29,-1,3087000,318,65543140
2016-08-23,21.38,21.61,21.64,21.29,0.38,1,1767000,210,37935620
2016-08-24,21.65,21.53,21.68,21.48,-0.08,-1,995000,167,21483690
2016-08-25,21.55,21.98,21.98,21.55,0.45,1,2189000,242,47683610
2016-08-26,21.92,22.08,22.13,21.9,0.1,1,1303000,195,28745120
2016-08-29,21.94,21.88,22.07,21.48,-0.2,-1,4062000,402,88621930
2016-08-30,22.01,21.91,22.07,21.81,0.03,1,1332000,244,29239580
2016-08-31,21.87,21.65,22.0,21.53,-0.26,-1,4217000,381,91525960
2016-09-01,21.58,21.43,21.6,21.16,-0.22,-1,3681000,530,78621940
2016-09-02,21.49,21.38,21.58,21.25,-0.05,-1,2590000,311,55482710
2016-09-05,21.81,21.99,22.02,21.78,0.61,1,2989000,315,65480790
2016-09-06,22.06,22.43,22.43,22.04,0.44,1,2100000,224,46733960
2016-09-07,22.57,22.93,22.99,22.57,0.5,1,2494000,245,56831050
2016-09-08,22.9,22.9,22.93,22.77,-0.03,-1,1702000,218,38902020
2016-09-09,22.45,22.32,22.49,22.28,-0.58,-1,3004000,399,67246610
2016-09-10,21.46,21.59,21.71,21.46,-0.73,-1,1952000,355,42189930
2016-09-12,21.59,21.31,21.6,21.29,-0.28,-1,5624000,471,120348360
2016-09-13,21.45,21.18,21.51,20.85,-0.13,-1,8309000,614,176211410
2016-09-14,21.06,21.08,21.4,21.06,-0.1,-1,4690000,397,99518340
2016-09-19,21.72,22.39,22.39,21.7,1.31,1,9571000,697,211741570
2016-09-20,22.29,22.37,22.46,22.23,-0.02,-1,3211000,189,71681790
2016-09-21,22.23,22.61,22.62,22.2,0.24,1,1540000,188,34547970
2016-09-22,23.09,22.75,23.09,22.59,0.14,1,3007000,272,68558190
2016-09-23,22.85,23.02,23.02,22.76,0.27,1,1637000,154,37503360
2016-09-26,22.84,22.58,22.84,22.58,-0.44,-1,2392000,205,54237980
2016-09-29,23.11,23.09,23.26,22.85,0.51,1,3741000,258,86488560
2016-09-30,22.7,22.55,22.82,22.47,-0.54,-1,2843000,236,64432680
2016-10-03,22.73,22.73,22.92,22.61,0.18,1,2998000,202,68197380
2016-10-04,22.87,23.05,23.05,22.73,0.32,1,836000,182,19156530
2016-10-05,22.87,22.96,23.08,22.86,-0.09,-1,2722000,183,62519730
2016-10-06,23.05,23.05,23.08,22.84,0.09,1,2266000,197,51973490
2016-10-07,23.05,23.03,23.08,22.98,-0.02,-1,3595000,210,82776860
2016-10-11,23.42,22.71,23.45,22.52,-0.32,-1,6118000,433,140316550
2016-10-12,22.7,23.12,23.13,22.63,0.41,1,2951000,283,67621820
2016-10-13,23.05,22.8,23.08,22.69,-0.32,-1,3572000,303,81569290
2016-10-14,22.64,22.63,22.89,22.54,-0.17,-1,5070000,340,115152210
2016-10-17,22.52,22.6,22.73,22.1,-0.03,-1,5697000,520,127380880
2016-10-18,22.6,22.87,22.87,22.53,0.27,1,1344000,195,30536410
2016-10-19,22.9,23.11,23.18,22.9,0.24,1,2439000,275,56379430
2016-10-20,23.1,23.27,23.31,23.05,0.16,1,2639000,183,61285890
2016-10-21,23.24,23.24,23.46,23.1,-0.03,-1,3013000,228,70176350
2016-10-24,23.38,23.37,23.46,23.22,0.13,1,2799000,232,65405180
2016-10-25,23.44,23.75,23.8,23.41,0.38,1,3506000,310,82684340
2016-10-26,23.54,23.52,23.64,23.48,-0.23,-1,2899000,316,68288700
2016-10-27,23.5,23.28,23.57,23.15,-0.24,-1,3704000,330,86607830
2016-10-28,23.41,23.22,23.41,23.16,-0.06,-1,2430000,170,56506090
2016-10-31,23.02,23.29,23.35,22.74,0.07,1,2828000,291,64950790
2016-11-01,23.07,23.24,23.31,23.0,-0.05,-1,1557000,261,36050670
2016-11-02,22.86,22.64,22.96,22.63,-0.6,-1,3787000,552,86113890
2016-11-03,22.57,22.29,22.65,22.28,-0.35,-1,2596000,439,58227680
2016-11-04,22.2,22.2,22.3,22.1,-0.09,-1,2750000,454,61052060
2016-11-07,22.49,22.82,22.84,22.45,0.62,1,2359000,352,53514740
2016-11-08,22.95,22.95,22.97,22.67,0.13,1,3911000,312,89426740
2016-11-09,23.29,21.5,23.35,21.35,-1.45,-1,12875000,1082,285011750
2016-11-10,22.6,22.74,22.76,22.52,1.24,1,3104000,378,70302990
2016-11-11,21.9,21.62,22.05,21.59,-1.12,-1,5176000,609,112472030
2016-11-14,21.58,21.53,21.74,21.23,-0.09,-1,4087000,632,87691900
2016-11-15,21.5,21.51,21.66,21.44,-0.02,-1,1946000,237,41971120
2016-11-16,21.78,21.67,21.86,21.66,0.16,1,2688000,283,58541180
2016-11-17,21.69,21.66,21.71,21.45,-0.01,-1,2424000,229,52349540
2016-11-18,21.65,21.8,21.89,21.55,0.14,1,3093000,283,67196310
2016-11-21,21.81,21.96,21.99,21.75,0.16,1,1745000,286,38227010
2016-11-22,22.17,22.57,22.66,22.13,0.61,1,2612000,392,58443020
2016-11-23,22.65,22.71,22.79,22.57,0.14,1,1992000,268,45135180
2016-11-24,22.64,22.57,22.65,22.46,-0.14,-1,1336000,150,30162080
2016-11-25,22.56,22.65,22.79,22.52,0.08,1,1463000,131,33207650
2016-11-28,22.64,22.95,23.07,22.63,0.3,1,1407000,216,32251660
2016-11-29,22.95,22.88,23.01,22.83,-0.07,-1,1121000,110,25683840
2016-11-30,22.92,22.92,23.05,22.74,0.04,1,1100000,110,25185580
2016-12-01,22.96,23.15,23.22,22.96,0.23,1,1855000,206,42898220
2016-12-02,22.76,22.67,22.76,22.6,-0.48,-1,1474000,182,33422120
2016-12-05,22.68,22.61,22.74,22.46,-0.06,-1,1181000,142,26679780
2016-12-06,23.09,23.15,23.25,23.06,0.54,1,1410000,180,32623930
2016-12-07,23.34,23.16,23.37,23.08,0.01,1,716000,95,16620210
2016-12-08,23.57,23.62,23.66,23.42,0.46,1,1639000,187,38633860
2016-12-09,23.69,23.79,23.82,23.67,0.17,1,855000,75,20323400
2016-12-12,23.95,23.63,24.02,23.6,-0.16,-1,1259000,141,29860260
2016-12-13,23.62,23.72,23.72,23.56,0.09,1,917000,64,21681160
2016-12-14,23.81,23.72,23.85,23.62,0.0,0,1246000,131,29571400
2016-12-15,23.44,23.69,23.72,23.39,-0.03,-1,2287000,132,53787260
2016-12-16,23.6,23.46,23.66,23.46,-0.23,-1,2120000,97,50006950
2016-12-19,23.33,23.14,23.43,23.1,-0.32,-1,1846000,179,42932980
2016-12-20,23.13,23.08,23.13,22.93,-0.06,-1,3584000,179,82472300
2016-12-21,23.11,23.03,23.14,23.0,-0.05,-1,1633000,115,37666930
2016-12-22,22.95,22.55,22.96,22.55,-0.48,-1,2176000,264,49529410
2016-12-23,22.4,22.37,22.59,22.34,-0.18,-1,2155000,192,48363960
2016-12-26,22.46,22.48,22.51,22.33,0.11,1,1266000,161,28415880
2016-12-27,22.47,22.47,22.51,22.42,-0.01,-1,911000,82,20470520
2016-12-28,22.54,22.92,22.92,22.54,0.45,1,1777000,238,40473850
2016-12-29,22.75,22.77,22.92,22.73,-0.15,-1,1216000,121,27725970
2016-12-30,23.04,23.16,23.25,22.98,0.39,1,2824000,196,65182170
2017-01-03,23.11,23.18,23.22,23.02,0.02,1,1720000,100,39791840
2017-01-04,23.27,23.22,23.31,23.18,0.04,1,1572000,105,36554940
2017-01-05,23.21,23.59,23.61,23.2,0.37,1,2058000,168,48145620
2017-01-06,23.62,23.67,23.71,23.59,0.08,1,821000,86,19419920
2017-01-09,23.75,23.56,23.87,23.46,-0.11,-1,1293000,116,30618460
2017-01-10,23.52,23.55,23.59,23.48,-0.01,-1,1100000,74,25889720
2017-01-11,23.8,23.57,23.8,23.53,0.02,1,814000,79,19238110
2017-01-12,23.66,23.91,24.0,23.66,0.34,1,2879000,158,68814070
2017-01-13,23.78,23.72,23.81,23.67,-0.19,-1,905000,89,21486190
2017-01-16,23.46,23.29,23.47,23.22,-0.43,-1,1630000,125,37973100
2017-01-17,23.29,23.52,23.52,23.29,0.23,1,995000,63,23271470
2017-01-18,23.4,23.42,23.47,23.37,-0.1,-1,2006000,81,47025870
2017-01-19,23.26,23.34,23.38,23.14,-0.08,-1,893000,57,20825280
2017-01-20,23.3,23.48,23.53,23.3,0.14,1,1339000,66,31343240
2017-01-23,23.72,23.88,23.93,23.72,0.4,1,836000,96,19933460
2017-01-24,23.91,24.1,24.13,23.91,0.22,1,3380000,106,81199980
2017-02-02,24.28,23.89,24.29,23.8,-0.21,-1,1662000,84,40007140
2017-02-03,24.02,24.03,24.12,23.89,0.14,1,1291000,44,31002380
2017-02-06,24.08,24.36,24.5,24.07,0.33,1,2448000,98,59537080
2017-02-07,24.3,24.48,24.48,24.29,0.12,1,1133000,37,27600980
2017-02-08,24.38,24.45,24.48,24.19,-0.03,-1,2666000,77,64827420
2017-02-09,24.54,24.75,24.75,24.5,0.3,1,1795000,76,44267460
2017-02-10,24.85,25.17,25.25,24.85,0.42,1,2419000,122,60593320
2017-02-13,25.27,25.36,25.36,25.22,0.19,1,1577000,88,39908580
2017-02-14,25.59,25.46,25.65,25.35,0.1,1,1708000,122,43551170
2017-02-15,25.51,25.91,25.93,25.51,0.45,1,1062000,87,27379550
2017-02-16,26.08,25.79,26.2,25.74,-0.12,-1,1636000,165,42281690
