date,OP,CP,HP,LP,DF,RD,TV,TC,TO
2016-10-07,19.8,19.73,19.81,19.73,-0.26,-1,1992000,286,39396920
2016-10-11,19.61,19.61,19.78,19.59,-0.12,-1,1612000,164,31768590
2016-10-12,19.6,19.42,19.6,19.4,-0.19,-1,1305000,94,25400490
2016-10-13,19.4,19.24,19.4,19.21,-0.18,-1,1169000,77,22557600
2016-10-14,19.2,19.2,19.26,19.17,-0.04,-1,1440000,61,27667590
2016-10-17,19.07,19.29,19.32,19.07,0.09,1,310000,50,5946800
2016-10-18,19.25,19.34,19.34,19.25,0.05,1,335000,25,6469680
2016-10-19,19.4,19.46,19.57,19.4,0.12,1,765000,62,14938150
2016-10-20,19.5,19.41,19.54,19.41,-0.05,-1,571000,26,11144280
2016-10-21,19.39,19.32,19.42,19.32,-0.09,-1,745000,38,14444240
2016-10-24,19.39,19.44,19.48,19.39,0.12,1,791000,46,15391640
2016-10-25,19.45,19.4,19.45,19.39,-0.04,-1,538000,22,10444950
2016-10-26,19.25,19.16,19.25,19.09,-0.24,-1,737000,85,14114200
2016-10-27,19.14,19.17,19.25,19.14,0.01,1,830000,52,15921290
2016-10-28,19.13,19.12,19.14,19.09,-0.05,-1,94000,21,1796040
2016-10-31,19.09,19.0,19.09,18.96,-0.12,-1,504000,59,9576640
2016-11-01,18.94,18.93,19.02,18.85,-0.07,-1,262000,40,4966960
2016-11-02,18.83,18.76,18.87,18.74,-0.17,-1,318000,50,5970720
2016-11-03,18.73,18.74,18.77,18.56,-0.02,-1,1191000,60,22201850
2016-11-04,18.74,18.69,18.74,18.69,-0.05,-1,333000,24,6229890
2016-11-07,18.82,18.89,18.9,18.8,0.2,1,582000,39,10989720
2016-11-08,18.93,18.97,19.0,18.85,0.08,1,1243000,79,23557470
2016-11-09,19.03,18.23,19.72,18.22,-0.74,-1,1372000,148,25991300
2016-11-10,18.67,18.81,18.81,18.67,0.58,1,875000,56,16429750
2016-11-11,18.52,18.54,18.64,18.5,-0.27,-1,1216000,48,22558910
2016-11-14,19.04,18.47,19.04,18.45,-0.07,-1,475000,33,8783760
2016-11-15,18.5,18.39,18.51,18.38,-0.08,-1,671000,28,12354690
2016-11-16,18.38,18.34,18.4,18.34,-0.05,-1,191000,38,3507060
2016-11-17,18.31,18.33,18.35,18.28,-0.01,-1,514000,33,9413090
2016-11-18,18.27,18.26,18.32,18.2,-0.07,-1,390000,32,7113700
2016-11-21,18.29,18.21,18.29,18.21,-0.05,-1,272000,35,4962930
2016-11-22,18.37,18.45,18.45,18.36,0.24,1,800000,60,14742730
2016-11-23,18.5,18.58,18.67,18.47,0.13,1,1003000,80,18606750
2016-11-24,18.54,18.41,18.54,18.4,-0.17,-1,340000,47,6265560
2016-11-25,18.41,18.4,18.45,18.36,-0.01,-1,235000,15,4315890
2016-11-28,18.5,18.6,18.6,18.5,0.2,1,178000,16,3303360
2016-11-29,18.6,18.54,18.6,18.53,-0.06,-1,296000,21,5500060
2016-11-30,18.72,18.73,18.8,18.67,0.19,1,612000,69,11472630
2016-12-01,18.7,18.77,18.77,18.67,0.04,1,525000,48,9822320
2016-12-02,18.71,18.55,18.71,18.55,-0.22,-1,180000,43,3346040
2016-12-05,18.58,18.57,18.59,18.57,0.02,1,103000,13,1914260
2016-12-06,18.88,18.87,18.92,18.8,0.3,1,238000,52,4486340
2016-12-07,18.9,18.86,18.9,18.82,-0.01,-1,212000,36,4003650
2016-12-08,19.07,19.09,19.1,19.01,0.23,1,786000,116,14980890
2016-12-09,19.17,19.18,19.24,19.15,0.09,1,266000,39,5108150
2016-12-12,19.18,19.14,19.18,19.06,-0.04,-1,189000,32,3612370
2016-12-13,19.17,19.15,19.19,19.11,0.01,1,45000,10,861720
2016-12-14,19.32,19.19,19.32,19.19,0.04,1,389000,31,7477170
2016-12-15,18.99,19.13,19.15,18.96,-0.06,-1,67000,15,1276480
2016-12-16,19.13,19.12,19.19,19.12,-0.01,-1,62000,14,1186020
2016-12-19,19.09,19.03,19.09,19.03,-0.09,-1,31050,11,591720
2016-12-20,19.15,19.08,19.16,19.06,0.05,1,74000,7,1411650
2016-12-21,19.08,19.06,19.08,19.06,-0.02,-1,212000,8,4043240
2016-12-22,19.07,18.92,19.07,18.92,-0.14,-1,29000,10,550360
2016-12-23,18.8,18.9,18.94,18.8,-0.02,-1,180000,13,3401670
2016-12-26,18.98,19.0,19.0,18.92,0.1,1,24000,9,455450
2016-12-27,18.95,18.95,18.95,18.95,-0.05,-1,2000,1,37900
2016-12-28,18.81,18.76,18.81,18.74,-0.19,-1,325000,31,6100720
2016-12-29,18.8,18.8,18.84,18.7,0.04,1,32000,9,600490
2016-12-30,18.86,18.86,18.86,18.86,0.06,1,11000,2,207460
2017-01-03,18.84,18.93,18.98,18.84,0.07,1,25000,11,473090
2017-01-04,18.92,18.97,18.97,18.92,0.04,1,4000,3,75830
2017-01-05,18.93,18.87,18.93,18.87,-0.1,-1,23000,15,434240
2017-01-06,18.91,18.98,19.0,18.91,0.11,1,10000,6,189560
2017-01-09,18.98,18.92,18.98,18.92,-0.06,-1,72000,15,1364230
2017-01-10,18.91,18.89,18.92,18.89,-0.03,-1,28000,9,529120
2017-01-11,19.02,19.15,19.18,19.0,0.26,1,47000,26,896580
2017-01-12,19.2,19.28,19.4,19.2,0.13,1,219000,56,4229830
2017-01-13,19.29,19.41,19.42,19.29,0.13,1,425000,58,8235930
2017-01-16,19.36,19.26,19.36,19.26,-0.15,-1,169000,30,3261680
2017-01-17,19.38,19.37,19.38,19.35,0.11,1,13000,5,251660
2017-01-18,19.32,19.36,19.39,19.32,-0.01,-1,22000,10,425630
2017-01-19,19.3,19.3,19.3,19.27,-0.06,-1,21000,9,405110
2017-01-20,19.33,19.33,19.33,19.32,0.03,1,10000,3,193250
2017-01-23,19.34,19.33,19.34,19.33,0.0,0,13000,4,251400
2017-01-24,19.28,19.28,19.28,19.28,-0.05,-1,2000,2,38560
2017-02-02,19.6,19.52,19.6,19.5,0.24,1,102000,27,1993380
2017-02-03,19.55,19.5,19.56,19.48,-0.02,-1,76000,21,1482000
2017-02-06,19.5,19.7,19.77,19.5,0.2,1,101000,35,1989150
2017-02-07,19.59,19.58,19.59,19.58,-0.12,-1,11000,3,215470
2017-02-08,19.5,19.54,19.55,19.41,-0.04,-1,219000,30,4259880
2017-02-09,19.57,19.6,19.62,19.56,0.06,1,41000,13,803470
2017-02-10,19.6,19.6,19.64,19.6,0.0,0,41000,10,803700
2017-02-13,19.62,19.57,19.63,19.57,-0.03,-1,54000,11,1058070
2017-02-14,19.57,19.58,19.59,19.55,0.01,1,165000,17,3227080
2017-02-15,19.6,19.59,19.6,19.58,0.01,1,29000,14,568000
2017-02-16,19.6,19.65,19.65,19.6,0.06,1,24000,9,471280
2017-02-17,19.59,19.55,19.59,19.51,-0.1,-1,34000,8,664850
2017-02-18,19.4,19.37,19.4,19.37,-0.18,-1,35000,8,678210
2017-02-20,19.43,19.54,19.54,19.43,0.17,1,13000,5,253200
2017-02-21,19.69,19.83,19.85,19.69,0.29,1,103000,36,2038300
2017-02-22,19.94,19.88,19.94,19.86,0.05,1,65000,16,1292550
2017-02-23,19.89,19.93,19.94,19.89,0.05,1,101000,21,2012000
2017-02-24,19.87,19.82,19.88,19.82,-0.11,-1,43000,8,853670
2017-03-01,19.76,19.77,19.77,19.73,-0.05,-1,57000,8,1125160
2017-03-02,19.95,19.93,19.97,19.85,0.16,1,155000,28,3086900
2017-03-03,19.7,19.66,19.7,19.63,-0.27,-1,22000,9,432070
2017-03-06,19.55,19.57,19.6,19.55,-0.09,-1,137000,12,2679860
2017-03-07,19.72,19.84,19.84,19.72,0.27,1,48000,14,949250
2017-03-08,19.86,19.88,19.88,19.82,0.04,1,65000,10,1290790
2017-03-09,19.87,19.83,19.87,19.8,-0.05,-1,55000,7,1090960
2017-03-10,19.76,19.81,19.91,19.76,-0.02,-1,192000,14,3806610
2017-03-13,20.04,20.03,20.05,20.0,0.22,1,393000,77,7876190
2017-03-14,20.05,20.07,20.07,20.02,0.04,1,712000,54,14274480
2017-03-15,20.02,20.05,20.12,20.02,-0.02,-1,281000,38,5637540
2017-03-16,20.15,20.23,20.3,20.15,0.18,1,207050,44,4192752
2017-03-17,20.44,20.33,20.44,20.33,0.1,1,174950,31,3570402
2017-03-20,20.33,20.4,20.4,20.33,0.07,1,51000,16,1039010
2017-03-21,20.67,20.58,20.67,20.58,0.18,1,191000,28,3937880
2017-03-22,20.58,20.49,20.58,20.4,-0.09,-1,19000,9,388310
2017-03-23,20.62,20.63,20.67,20.6,0.14,1,188145,17,3881121
2017-03-24,20.63,20.57,20.63,20.57,-0.06,-1,15000,4,309080
