date,OP,CP,HP,LP,DF,RD,TV,TC,TO
2016-08-05,19.8,19.58,19.8,19.54,-0.33,-1,2836000,151,55672180
2016-08-08,19.35,19.38,19.49,19.33,-0.2,-1,3015000,87,58437860
2016-08-09,19.28,19.21,19.31,19.21,-0.17,-1,2310000,55,44479470
2016-08-10,19.14,19.03,19.17,19.02,-0.18,-1,2764000,74,52756080
2016-08-11,19.14,18.94,19.17,18.94,-0.09,-1,2533000,73,48125910
2016-08-12,18.85,18.63,18.85,18.58,-0.31,-1,2144000,65,40021070
2016-08-15,18.68,18.3,18.68,18.3,-0.33,-1,2963000,65,54642050
2016-08-16,18.27,18.28,18.4,18.2,-0.02,-1,2062000,58,37781710
2016-08-17,18.23,18.33,18.37,18.23,0.05,1,2826000,65,51796820
2016-08-18,18.43,18.34,18.44,18.3,0.01,1,2350000,53,43119460
2016-08-19,18.37,18.54,18.63,18.37,0.2,1,1938000,65,35828940
2016-08-22,18.56,18.72,18.77,18.54,0.18,1,2182000,51,40703070
2016-08-23,18.72,18.64,18.72,18.59,-0.08,-1,2045000,50,38074070
2016-08-24,18.65,18.81,18.85,18.65,0.17,1,2209000,48,41361490
2016-08-25,18.76,18.74,18.84,18.69,-0.07,-1,2318000,60,43434370
2016-08-26,18.76,18.66,18.76,18.62,-0.08,-1,1352000,32,25206930
2016-08-29,18.79,18.78,18.92,18.78,0.12,1,2502000,53,47113950
2016-08-30,18.63,18.61,18.66,18.59,-0.17,-1,2520000,53,46942580
2016-08-31,18.65,18.65,18.66,18.61,0.04,1,2013000,37,37500000
2016-09-01,18.81,18.66,18.84,18.63,0.01,1,2386000,46,44647900
2016-09-02,18.62,18.45,18.62,18.45,-0.21,-1,2361000,43,43708950
2016-09-05,18.18,18.12,18.2,18.11,-0.33,-1,2071000,53,37570240
2016-09-06,18.06,18.01,18.1,18.0,-0.11,-1,1446000,40,26119430
2016-09-07,18.0,17.87,18.0,17.8,-0.14,-1,1267000,43,22666360
2016-09-08,17.9,17.83,17.9,17.82,-0.04,-1,1066000,27,19026550
2016-09-09,17.83,17.56,17.84,17.56,-0.27,-1,938000,44,16626480
2016-09-10,17.98,18.01,18.13,17.97,0.45,1,124000,27,2237830
2016-09-12,18.23,18.36,18.4,18.21,0.35,1,2000000,86,36554160
2016-09-13,18.24,18.37,18.38,18.19,0.01,1,926000,47,16931350
2016-09-14,18.58,18.63,18.66,18.5,0.26,1,1253000,62,23326790
2016-09-19,18.31,18.1,18.36,18.07,-0.53,-1,1645000,61,30042170
2016-09-20,18.23,18.21,18.27,18.19,0.11,1,598000,15,10889620
2016-09-21,18.23,18.07,18.29,18.07,-0.14,-1,1273000,31,23198110
2016-09-22,17.96,17.79,17.96,17.57,-0.28,-1,1063000,68,18783420
2016-09-23,17.77,18.0,18.03,17.77,0.21,1,1566000,45,28069340
2016-09-26,18.13,18.22,18.33,18.13,0.22,1,1814000,72,33146610
2016-09-29,18.08,18.08,18.18,18.05,-0.14,-1,2427000,58,43921440
2016-09-30,18.29,18.28,18.36,18.28,0.2,1,1502000,40,27520090
2016-10-03,18.23,18.26,18.26,18.14,-0.02,-1,1484000,33,27016710
2016-10-04,18.22,18.18,18.26,18.18,-0.08,-1,1211000,28,22053560
2016-10-05,18.27,18.0,18.27,17.94,-0.18,-1,1269000,37,22964260
2016-10-06,17.96,17.81,17.98,17.81,-0.19,-1,1150000,38,20577070
2016-10-07,17.81,17.84,17.88,17.8,0.03,1,1167000,29,20828900
2016-10-11,17.68,18.06,18.14,17.61,0.22,1,609000,38,10952920
2016-10-12,18.03,18.37,18.41,18.03,0.31,1,647000,61,11857360
2016-10-13,18.5,18.61,18.64,18.37,0.24,1,2185000,71,40445550
2016-10-14,18.57,18.51,18.63,18.51,-0.1,-1,1058000,44,19650980
2016-10-17,18.57,18.51,18.62,18.48,0.0,0,1224000,40,22716950
2016-10-18,18.46,18.26,18.46,18.26,-0.25,-1,701000,27,12848520
2016-10-19,18.2,18.28,18.28,18.18,0.02,1,1450000,40,26430330
2016-10-20,18.15,18.17,18.2,18.14,-0.11,-1,1134000,39,20600000
2016-10-21,18.27,18.27,18.27,18.27,0.1,1,210000,5,3836700
2016-10-24,18.27,18.05,18.33,18.03,-0.22,-1,992000,32,18005240
2016-10-25,18.04,18.0,18.04,17.98,-0.05,-1,952000,28,17140130
2016-10-26,18.08,18.18,18.2,18.08,0.18,1,1260000,40,22874210
2016-10-27,18.24,18.51,18.55,18.21,0.33,1,1403000,57,25818180
2016-10-28,18.45,18.45,18.51,18.36,-0.06,-1,1195000,42,22030310
2016-10-31,18.54,18.38,18.67,18.33,-0.07,-1,1082000,52,20028810
2016-11-01,18.44,18.09,18.46,18.05,-0.29,-1,1818000,78,33242700
2016-11-02,18.15,18.55,18.56,18.15,0.46,1,1115000,81,20623640
2016-11-03,18.55,18.48,18.61,18.44,-0.07,-1,1218000,65,22542620
2016-11-04,18.6,18.55,18.64,18.49,0.07,1,865000,30,16044320
2016-11-07,18.51,18.4,18.51,18.38,-0.15,-1,300000,12,5529720
2016-11-08,18.4,18.3,18.4,18.18,-0.1,-1,1138000,32,20772520
2016-11-09,18.1,18.99,19.24,18.1,0.69,1,1346000,67,24773500
2016-11-10,18.85,18.33,18.85,18.25,-0.66,-1,644000,42,11835110
2016-11-11,18.47,18.63,18.89,18.47,0.3,1,909000,61,17067720
2016-11-14,18.9,18.87,19.03,18.81,0.24,1,818000,49,15464910
2016-11-15,18.82,18.79,18.85,18.73,-0.08,-1,867000,20,16295480
2016-11-16,18.64,18.68,18.71,18.6,-0.11,-1,259000,17,4839150
2016-11-17,18.88,18.88,18.94,18.76,0.2,1,1027000,34,19399000
2016-11-18,18.96,18.96,19.03,18.93,0.08,1,1356000,42,25731480
2016-11-21,18.92,18.74,18.92,18.64,-0.22,-1,770000,26,14434520
2016-11-22,18.59,18.33,18.59,18.32,-0.41,-1,823000,49,15149850
2016-11-23,18.26,18.17,18.26,18.08,-0.16,-1,942000,47,17070400
2016-11-24,18.4,18.28,18.43,18.26,0.11,1,955000,29,17500840
2016-11-25,18.25,18.11,18.27,18.05,-0.17,-1,882000,34,16008330
2016-11-28,18.0,17.77,18.0,17.77,-0.34,-1,1116000,51,19974250
2016-11-29,17.77,17.83,17.97,17.77,0.06,1,1054000,34,18807480
2016-11-30,17.79,17.88,17.88,17.7,0.05,1,597000,21,10646120
2016-12-01,17.76,17.76,17.77,17.67,-0.12,-1,127000,15,2248670
2016-12-02,17.92,18.01,18.05,17.91,0.25,1,634000,89,11402660
2016-12-05,18.04,18.21,18.21,18.04,0.2,1,839000,46,15200090
2016-12-06,18.06,18.04,18.06,18.0,-0.17,-1,257000,20,4633860
2016-12-07,17.84,17.95,18.03,17.71,-0.09,-1,89000,16,1593570
2016-12-08,17.7,17.7,17.75,17.67,-0.25,-1,1136000,70,20123980
2016-12-09,17.82,17.77,17.87,17.72,0.07,1,805000,77,14330800
2016-12-12,17.87,18.1,18.11,17.79,0.33,1,601000,45,10795590
2016-12-13,18.16,18.18,18.24,18.11,0.08,1,786000,41,14299450
2016-12-14,17.98,18.02,18.08,17.98,-0.16,-1,346000,30,6239050
2016-12-15,18.3,18.58,18.64,18.3,0.56,1,560000,75,10333320
2016-12-16,18.64,18.53,18.65,18.42,-0.05,-1,755000,72,13967800
2016-12-19,18.61,18.77,18.8,18.61,0.24,1,575000,50,10780420
2016-12-20,18.77,18.94,18.94,18.77,0.17,1,672000,47,12703770
2016-12-21,18.95,18.84,18.95,18.83,-0.1,-1,407000,34,7676840
2016-12-22,18.94,19.14,19.15,18.94,0.3,1,983000,83,18754790
2016-12-23,19.26,19.35,19.35,19.23,0.21,1,759000,75,14663200
2016-12-26,19.4,19.39,19.4,19.35,0.04,1,42000,4,813790
2016-12-27,19.24,19.18,19.25,19.18,-0.21,-1,271000,13,5213460
2016-12-28,19.18,19.1,19.22,19.09,-0.08,-1,840000,60,16095480
2016-12-29,19.07,19.06,19.11,19.01,-0.04,-1,430000,10,8181120
2016-12-30,18.88,18.76,18.9,18.76,-0.3,-1,1106000,48,20781910
2017-01-03,18.7,18.66,18.75,18.66,-0.1,-1,103000,5,1927020
2017-01-04,18.68,18.72,18.79,18.68,0.06,1,515000,32,9646250
2017-01-05,18.64,18.36,18.64,18.36,-0.36,-1,1217000,71,22500470
2017-01-06,18.2,18.3,18.31,18.18,-0.06,-1,596000,62,10888800
2017-01-09,18.38,18.36,18.39,18.22,0.06,1,477000,58,8755580
2017-01-10,18.33,18.24,18.35,18.21,-0.12,-1,590000,34,10792930
2017-01-11,18.13,18.08,18.14,18.02,-0.16,-1,230000,63,4155800
2017-01-12,18.05,18.0,18.05,17.94,-0.08,-1,577000,50,10380070
2017-01-13,18.1,17.9,18.1,17.87,-0.1,-1,823000,97,14748020
2017-01-16,17.99,18.12,18.16,17.96,0.22,1,1004000,116,18175620
2017-01-17,18.12,18.12,18.15,18.07,0.0,0,446000,43,8074450
2017-01-18,18.3,17.77,18.3,17.75,-0.35,-1,768000,123,13670820
2017-01-19,17.86,17.96,18.0,17.86,0.19,1,701000,70,12602900
2017-01-20,17.98,18.0,18.03,17.98,0.04,1,489000,68,8804100
2017-01-23,17.95,17.93,17.97,17.8,-0.07,-1,564000,89,10089170
2017-01-24,17.9,17.87,17.9,17.86,-0.06,-1,400000,33,7150050
2017-02-02,17.89,17.99,17.99,17.85,0.12,1,637000,51,11402720
2017-02-03,17.86,17.96,18.04,17.83,-0.03,-1,310000,45,5563190
2017-02-06,17.77,17.7,17.84,17.65,-0.26,-1,534000,86,9444060
2017-02-07,17.7,17.64,17.7,17.58,-0.06,-1,257000,49,4533860
2017-02-08,17.77,17.67,17.85,17.67,0.03,1,491000,62,8715170
2017-02-09,17.56,17.26,17.56,17.2,-0.41,-1,803000,178,13903410
2017-02-10,17.2,17.1,17.2,17.06,-0.16,-1,547000,110,9346130
2017-02-13,17.06,16.95,17.07,16.91,-0.15,-1,752000,104,12757670
2017-02-14,16.91,16.91,17.0,16.8,-0.04,-1,852000,71,14420680
2017-02-15,16.98,16.51,16.98,16.49,-0.4,-1,721000,139,11985730
2017-02-16,16.49,16.53,16.6,16.44,0.02,1,488000,60,8075930
2017-02-17,16.53,16.7,16.72,16.53,0.17,1,217000,48,3613940
2017-02-18,16.62,16.7,16.7,16.62,0.0,0,14000,6,233320
2017-02-20,16.72,16.58,16.72,16.54,-0.12,-1,551000,63,9128720
2017-02-21,16.51,16.48,16.51,16.44,-0.1,-1,126000,36,2074090
2017-02-22,16.45,16.41,16.5,16.4,-0.07,-1,911000,70,14983700
2017-02-23,16.43,16.45,16.49,16.34,0.04,1,641000,64,10529190
2017-02-24,16.45,16.54,16.56,16.42,0.09,1,386000,34,6363200
2017-03-01,16.69,16.75,16.79,16.69,0.21,1,707000,93,11838010
2017-03-02,16.69,16.72,16.74,16.54,-0.03,-1,360000,38,5999690
2017-03-03,16.85,17.03,17.05,16.84,0.31,1,965000,99,16407640
2017-03-06,17.1,16.98,17.1,16.98,-0.05,-1,1003000,57,17067270
2017-03-07,16.96,16.9,17.01,16.89,-0.08,-1,604000,46,10233150
2017-03-08,16.93,16.79,17.0,16.77,-0.11,-1,687000,61,11573090
2017-03-09,16.94,17.07,17.1,16.94,0.28,1,856000,75,14618580
2017-03-10,17.08,17.19,17.23,17.01,0.12,1,988000,108,16937910
2017-03-13,17.02,16.86,17.12,16.85,-0.33,-1,361000,49,6132390
2017-03-14,16.82,16.79,16.82,16.73,-0.07,-1,361000,36,6055560
2017-03-15,16.87,16.76,16.89,16.76,-0.03,-1,573000,35,9643270
2017-03-16,16.63,16.48,16.72,16.43,-0.28,-1,765000,69,12630530
2017-03-17,16.34,16.29,16.4,16.26,-0.19,-1,465000,51,7585520
2017-03-20,16.4,16.25,16.4,16.2,-0.04,-1,521000,42,8488150
2017-03-21,16.21,16.11,16.21,16.07,-0.14,-1,454000,39,7315040
2017-03-22,16.36,16.5,16.5,16.35,0.39,1,688000,72,11307120
2017-03-23,16.27,16.37,16.37,16.25,-0.13,-1,612000,51,9979800
2017-03-24,16.37,16.4,16.42,16.35,0.03,1,535000,96,8773030
2017-03-27,16.54,16.42,16.55,16.3,0.02,1,517000,66,8484160
2017-03-28,16.34,16.34,16.36,16.3,-0.08,-1,581000,30,9484560
2017-03-29,16.22,16.29,16.31,16.22,-0.05,-1,738000,37,12017960
2017-03-30,16.35,16.54,16.57,16.35,0.25,1,1315000,125,21693570
2017-03-31,16.53,16.65,16.68,16.52,0.11,1,859000,44,14271880
2017-04-05,16.78,16.64,16.78,16.55,-0.01,-1,542000,29,9005720
2017-04-06,16.65,16.67,16.71,16.6,0.03,1,843000,36,14026930
2017-04-07,16.64,16.78,16.88,16.64,0.11,1,696000,44,11704960
2017-04-10,16.71,16.73,16.75,16.71,-0.05,-1,428000,20,7159130
2017-04-11,16.9,16.93,16.94,16.89,0.2,1,535000,35,9045120
2017-04-12,16.89,16.92,16.94,16.89,-0.01,-1,442000,25,7479460
2017-04-13,16.85,16.73,16.88,16.72,-0.19,-1,404000,28,6762270
2017-04-14,16.87,16.82,16.9,16.79,0.09,1,33000,14,555140
2017-04-17,16.74,16.83,16.83,16.74,0.01,1,132000,13,2211310
2017-04-18,16.75,16.9,16.9,16.75,0.07,1,610000,34,10295940
2017-04-19,17.0,17.12,17.17,17.0,0.22,1,759000,46,13018690
2017-04-20,17.12,17.06,17.12,17.05,-0.06,-1,770000,38,13157270
2017-04-21,16.94,16.96,16.98,16.86,-0.1,-1,752000,31,12715930
2017-04-24,16.75,16.94,17.0,16.75,-0.02,-1,812000,47,13718170
2017-04-25,16.72,16.61,16.77,16.6,-0.33,-1,586000,40,9769710
2017-04-26,16.61,16.44,16.61,16.41,-0.17,-1,664000,31,10944820
2017-04-27,16.51,16.58,16.69,16.51,0.14,1,794000,36,13188020
2017-04-28,16.64,16.65,16.66,16.63,0.07,1,430000,18,7162090
2017-05-02,16.62,16.75,16.75,16.6,0.1,1,606000,18,10073180
2017-05-03,16.59,16.68,16.71,16.59,-0.07,-1,11000,5,183330
2017-05-04,16.79,16.85,16.86,16.79,0.17,1,717000,39,12073380
2017-05-05,16.9,17.14,17.18,16.9,0.29,1,1060000,71,18091090
2017-05-08,17.07,16.98,17.12,16.98,-0.16,-1,593000,27,10095700
2017-05-09,16.96,16.89,17.04,16.89,-0.09,-1,529000,23,8976400
2017-05-10,16.72,16.5,16.72,16.5,-0.39,-1,609000,49,10074410
2017-05-11,16.55,16.55,16.57,16.44,0.05,1,690000,41,11374230
2017-05-12,16.62,16.5,16.62,16.49,-0.05,-1,617000,28,10189030
2017-05-15,16.39,16.32,16.39,16.28,-0.18,-1,426000,34,6958770
2017-05-16,16.25,16.38,16.38,16.21,0.06,1,453000,18,7372050
2017-05-17,16.32,16.36,16.37,16.32,-0.02,-1,508000,27,8305290
2017-05-18,16.65,16.47,16.65,16.45,0.11,1,523000,29,8611840
