date,OP,CP,HP,LP,DF,RD,TV,TC,TO
2016-12-30,19.99,19.93,20.02,19.93,-0.09,-1,3834000,812,76647710
2017-01-03,20.05,20.04,20.16,20.03,0.11,1,3421000,384,68855490
2017-01-04,19.09,18.92,19.09,18.89,-1.12,-1,2486000,281,47088870
2017-01-05,18.26,18.07,18.26,18.07,-0.85,-1,3053000,470,55391290
2017-01-06,17.85,17.84,17.85,17.77,-0.23,-1,3898000,522,69384790
2017-01-09,17.7,17.69,17.7,17.65,-0.15,-1,3597000,399,63547570
2017-01-10,17.7,17.67,17.7,17.62,-0.02,-1,3150000,338,55620200
2017-01-11,17.59,17.6,17.63,17.55,-0.07,-1,2709000,306,47641910
2017-01-12,17.28,17.3,17.37,17.14,-0.3,-1,4414000,588,76057950
2017-01-13,17.1,17.08,17.13,17.08,-0.22,-1,4039000,394,69117860
2017-01-16,17.11,17.22,17.29,17.1,0.14,1,5096000,489,87601440
2017-01-17,17.16,17.16,17.2,17.09,-0.06,-1,3787000,456,64876040
2017-01-18,16.98,16.79,16.98,16.79,-0.37,-1,5557000,893,93923960
2017-01-19,16.9,16.93,16.93,16.88,0.14,1,2079000,292,35143250
2017-01-20,17.06,17.09,17.1,17.0,0.16,1,3577000,377,60959050
2017-01-23,16.58,16.6,16.64,16.56,-0.49,-1,3915000,527,65010880
2017-01-24,16.26,16.15,16.26,16.13,-0.45,-1,5580000,889,90171040
2017-02-02,15.36,15.39,15.39,15.16,-0.76,-1,3969000,723,60580030
2017-02-03,15.36,15.38,15.43,15.3,-0.01,-1,2529000,373,38845880
2017-02-06,14.96,14.86,14.96,14.85,-0.52,-1,4390008,682,65396758
2017-02-07,14.88,14.92,14.93,14.88,0.06,1,2279034,286,33982817
2017-02-08,14.94,14.99,15.06,14.94,0.07,1,2717158,303,40799609
2017-02-09,14.98,14.94,15.02,14.94,-0.05,-1,2460000,257,36864860
2017-02-10,14.66,14.64,14.67,14.6,-0.3,-1,3087000,501,45187250
2017-02-13,14.26,14.2,14.26,14.2,-0.44,-1,2660009,480,37835187
2017-02-14,13.9,13.87,13.93,13.85,-0.33,-1,3350241,582,46519059
2017-02-15,13.18,13.08,13.2,13.08,-0.79,-1,4013150,848,52741066
2017-02-16,13.6,13.64,13.66,13.6,0.56,1,4077000,514,55545120
2017-02-17,13.8,13.88,13.88,13.79,0.24,1,3534000,455,48968510
2017-02-18,13.88,13.92,13.92,13.78,0.04,1,877000,200,12164820
2017-02-20,13.89,13.82,13.89,13.82,-0.1,-1,2548000,288,35295790
2017-02-21,13.82,13.87,13.88,13.81,0.05,1,1934000,207,26772860
2017-02-22,13.98,14.04,14.06,13.98,0.17,1,3334000,398,46809690
2017-02-23,14.16,14.23,14.24,14.14,0.19,1,3013000,405,42788630
2017-02-24,14.48,14.6,14.63,14.48,0.37,1,3548000,610,51719760
2017-03-01,14.4,14.24,14.44,14.21,-0.36,-1,5167000,776,74028180
2017-03-02,14.17,14.26,14.29,14.17,0.02,1,2220000,304,31644200
2017-03-03,14.21,14.3,14.3,14.19,0.04,1,2863000,338,40737050
2017-03-06,13.98,13.97,13.98,13.92,-0.33,-1,3248000,472,45304800
2017-03-07,13.73,13.64,13.73,13.63,-0.33,-1,4022000,605,55017140
2017-03-08,13.69,13.81,13.89,13.68,0.17,1,2433000,304,33609070
2017-03-09,13.7,13.69,13.71,13.68,-0.12,-1,2292000,364,31388020
2017-03-10,13.69,13.64,13.7,13.64,-0.05,-1,2342000,299,32018620
2017-03-13,13.55,13.46,13.55,13.44,-0.18,-1,2186000,320,29427790
2017-03-14,13.25,13.1,13.3,13.09,-0.36,-1,4081000,774,53623120
2017-03-15,13.33,13.3,13.34,13.28,0.2,1,2111000,325,28092770
2017-03-16,12.9,12.86,12.9,12.81,-0.44,-1,5044000,786,64813790
2017-03-17,12.6,12.57,12.6,12.55,-0.29,-1,3035000,531,38137760
2017-03-20,12.59,12.6,12.62,12.59,0.03,1,2433000,269,30668520
2017-03-21,12.44,12.31,12.44,12.28,-0.29,-1,2225000,523,27447350
2017-03-22,12.9,13.09,13.15,12.9,0.78,1,5270000,1239,68797050
2017-03-23,12.98,12.99,12.99,12.96,-0.1,-1,2629000,332,34107630
2017-03-24,13.14,13.2,13.21,13.14,0.21,1,3719000,590,48994400
2017-03-27,13.46,13.48,13.51,13.42,0.28,1,5741000,707,77295760
2017-03-28,12.76,12.73,12.76,12.69,-0.75,-1,4793000,901,60980100
2017-03-29,12.2,12.19,12.2,12.08,-0.54,-1,4975000,819,60534870
2017-03-30,12.1,12.14,12.14,12.07,-0.05,-1,3076000,429,37223620
2017-03-31,12.2,12.23,12.23,12.12,0.09,1,3264000,310,39753780
2017-04-05,12.26,12.34,12.4,12.25,0.11,1,2870000,318,35370800
2017-04-06,12.8,12.85,12.87,12.8,0.51,1,4131000,626,53018680
2017-04-07,12.53,12.71,13.03,12.5,-0.14,-1,7477000,797,95767420
2017-04-10,12.79,12.8,12.81,12.74,0.09,1,2636000,227,33722300
2017-04-11,13.41,13.54,13.61,13.39,0.74,1,8615000,1154,115990850
2017-04-12,14.07,14.0,14.1,13.97,0.46,1,6630000,1079,93111110
2017-04-13,14.13,14.0,14.23,14.0,0.0,0,5868000,749,82724780
2017-04-14,14.28,14.37,14.39,14.2,0.37,1,3917000,805,55981840
2017-04-17,14.33,14.27,14.38,14.22,-0.1,-1,4100007,501,58573989
2017-04-18,13.52,13.5,13.53,13.46,-0.77,-1,4303000,799,58071910
2017-04-19,13.5,13.45,13.55,13.44,-0.05,-1,2558000,476,34502860
2017-04-20,13.61,13.63,13.67,13.59,0.18,1,2955500,409,40309755
2017-04-21,13.4,13.38,13.44,13.38,-0.25,-1,3437222,563,46087550
2017-04-24,12.56,12.59,12.63,12.53,-0.79,-1,8217158,1317,103435377
2017-04-25,12.15,12.04,12.17,12.03,-0.55,-1,12453000,2008,150566970
2017-04-26,11.81,11.8,11.83,11.78,-0.24,-1,7603000,1307,89758160
2017-04-27,11.79,11.77,11.79,11.73,-0.03,-1,5355000,714,62924120
2017-04-28,11.75,11.78,11.78,11.73,0.01,1,4036000,551,47456460
2017-05-02,11.3,11.34,11.34,11.28,-0.44,-1,5606100,928,63366244
