date,OP,CP,HP,LP,DF,RD,TV,TC,TO
2016-10-05,9.98,9.98,10.05,9.94,-0.04,-1,13267000,925,132596180
2016-10-06,9.98,10.01,10.02,9.91,0.03,1,14835000,259,147796750
2016-10-07,10.03,10.0,10.03,9.98,-0.01,-1,4922000,151,49238360
2016-10-11,10.18,9.86,10.18,9.78,-0.14,-1,12081000,422,120509390
2016-10-12,9.88,10.04,10.05,9.83,0.18,1,30247000,561,299176680
2016-10-13,10.0,9.88,10.02,9.85,-0.16,-1,22642000,789,224434680
2016-10-14,9.84,9.83,9.93,9.79,-0.05,-1,21386000,779,210677670
2016-10-17,9.8,9.82,9.87,9.61,-0.01,-1,16495000,1057,160479510
2016-10-18,9.84,9.9,9.91,9.8,0.08,1,10124000,649,99969820
2016-10-19,9.93,10.0,10.05,9.93,0.1,1,11627000,869,116354860
2016-10-20,10.02,10.09,10.1,9.99,0.09,1,9400000,697,94615770
2016-10-21,10.06,10.06,10.15,10.0,-0.03,-1,10439000,797,105163040
2016-10-24,10.14,10.13,10.15,10.06,0.07,1,8164000,701,82564660
2016-10-25,10.15,10.3,10.3,10.14,0.17,1,9649000,833,98616800
2016-10-26,10.2,10.18,10.25,10.17,-0.12,-1,9560000,681,97510480
2016-10-27,10.18,10.07,10.21,10.04,-0.11,-1,12479000,1030,126162150
2016-10-28,10.12,10.05,10.13,10.03,-0.02,-1,7670000,661,77273510
2016-10-31,9.97,10.09,10.11,9.85,0.04,1,12783000,1138,127440510
2016-11-01,9.99,10.07,10.08,9.96,-0.02,-1,11674000,912,117038750
2016-11-02,9.91,9.77,9.93,9.77,-0.3,-1,30558000,2391,301183530
2016-11-03,9.78,9.65,9.82,9.65,-0.12,-1,15281000,1691,148624500
2016-11-04,9.63,9.6,9.67,9.58,-0.05,-1,12357000,1321,118925900
2016-11-07,9.71,9.88,9.88,9.71,0.28,1,17096000,1391,167266500
2016-11-08,9.93,9.93,9.94,9.82,0.05,1,14250000,1295,140960370
2016-11-09,10.05,9.3,10.1,9.25,-0.63,-1,34363000,3463,331005190
2016-11-10,9.77,9.85,9.85,9.74,0.55,1,13842000,1412,135453420
2016-11-11,9.5,9.36,9.56,9.36,-0.49,-1,20373000,2531,192135890
2016-11-14,9.36,9.35,9.42,9.22,-0.01,-1,12862000,1774,119922090
2016-11-15,9.31,9.32,9.39,9.29,-0.03,-1,10572000,1172,98781000
2016-11-16,9.42,9.42,9.49,9.41,0.1,1,17054000,1217,161128400
2016-11-17,9.42,9.4,9.44,9.33,-0.02,-1,9665000,1009,90743180
2016-11-18,9.41,9.48,9.5,9.37,0.08,1,10015000,1084,94475790
2016-11-21,9.47,9.54,9.54,9.46,0.06,1,9950000,776,94623010
2016-11-22,9.62,9.81,9.83,9.62,0.27,1,11189000,1159,108943110
2016-11-23,9.82,9.87,9.9,9.8,0.06,1,6843000,583,67454270
2016-11-24,9.82,9.81,9.84,9.75,-0.06,-1,7583000,751,74315920
2016-11-25,9.8,9.84,9.89,9.78,0.03,1,6801000,490,66905780
2016-11-28,9.83,9.97,10.01,9.82,0.13,1,7288000,598,72473200
2016-11-29,9.97,9.94,10.0,9.92,-0.03,-1,5688000,488,56643370
2016-11-30,9.95,9.94,10.0,9.87,0.0,0,6809000,574,67692980
2016-12-01,9.96,10.05,10.08,9.96,0.11,1,12024000,1009,120638720
2016-12-02,9.89,9.83,9.89,9.82,-0.22,-1,11799000,1038,116239280
2016-12-05,9.85,9.82,9.88,9.76,-0.01,-1,10023000,1073,98385340
2016-12-06,10.0,10.05,10.08,10.0,0.23,1,12818000,1026,128606500
2016-12-07,10.14,10.04,10.14,10.02,-0.01,-1,7778000,670,78408760
2016-12-08,10.22,10.26,10.27,10.17,0.22,1,9879000,921,100987610
2016-12-09,10.28,10.34,10.34,10.27,0.08,1,5424000,481,55965330
2016-12-12,10.41,10.25,10.43,10.24,-0.09,-1,7263000,706,74961900
2016-12-13,10.26,10.31,10.31,10.22,0.06,1,5548000,385,56963110
2016-12-14,10.35,10.28,10.36,10.25,-0.03,-1,7174000,585,73901810
2016-12-15,10.17,10.29,10.29,10.15,0.01,1,7549000,739,77051980
2016-12-16,10.25,10.18,10.28,10.18,-0.11,-1,4887000,429,50014920
2016-12-19,10.14,10.03,10.17,10.02,-0.15,-1,6864000,571,69256790
2016-12-20,10.05,10.0,10.05,9.94,-0.03,-1,8673000,545,86629750
2016-12-21,10.0,9.97,10.03,9.97,-0.03,-1,7106000,430,71011980
2016-12-22,9.95,9.77,9.95,9.77,-0.2,-1,10978000,1043,108144780
2016-12-23,9.74,9.72,9.8,9.69,-0.05,-1,8345000,793,81274600
2016-12-26,9.74,9.74,9.76,9.68,0.02,1,7171000,492,69776180
2016-12-27,9.75,9.74,9.76,9.72,0.0,0,4652000,292,45303900
2016-12-28,9.76,9.94,9.94,9.76,0.2,1,6170000,648,60847390
2016-12-29,9.87,9.88,9.94,9.86,-0.06,-1,4626000,387,45792710
2016-12-30,9.99,10.04,10.08,9.96,0.16,1,8618000,584,86302300
2017-01-03,10.02,10.05,10.07,9.98,0.01,1,5134000,319,51503020
2017-01-04,10.09,10.08,10.11,10.05,0.03,1,6693000,472,67481220
2017-01-05,10.06,10.23,10.23,10.06,0.15,1,11569015,952,117456500
2017-01-06,10.23,10.26,10.28,10.22,0.03,1,6238111,449,63970958
2017-01-09,10.31,10.2,10.36,10.18,-0.06,-1,9992000,916,102480340
2017-01-10,10.19,10.2,10.22,10.17,0.0,0,6515000,550,66440650
2017-01-11,10.31,10.2,10.31,10.19,0.0,0,10311000,724,105575800
2017-01-12,10.24,10.38,10.39,10.24,0.18,1,12481100,1068,129034727
2017-01-13,10.31,10.27,10.31,10.26,-0.11,-1,9267000,740,95313480
2017-01-16,10.18,10.08,10.18,10.07,-0.19,-1,10285000,919,103943430
2017-01-17,10.1,10.21,10.21,10.1,0.13,1,11627000,808,118305400
2017-01-18,10.15,10.17,10.2,10.14,-0.04,-1,6746000,542,68622080
2017-01-19,10.11,10.14,10.16,10.05,-0.03,-1,11096000,907,112219690
2017-01-20,10.12,10.21,10.21,10.12,0.07,1,7474000,558,76033830
2017-01-23,10.3,10.38,10.39,10.3,0.17,1,7375000,567,76384010
2017-01-24,10.38,10.47,10.5,10.37,0.09,1,7044000,522,73477010
2017-02-02,10.54,10.36,10.56,10.34,-0.11,-1,12533000,978,131030080
2017-02-03,10.43,10.42,10.47,10.37,0.06,1,9080050,697,94638311
2017-02-06,10.46,10.59,10.63,10.46,0.17,1,11360724,874,119866332
2017-02-07,10.56,10.63,10.63,10.54,0.04,1,6686000,575,70843710
2017-02-08,10.58,10.62,10.64,10.5,-0.01,-1,9915000,757,104691490
2017-02-09,10.63,10.75,10.75,10.59,0.13,1,6503000,518,69360000
2017-02-10,10.8,10.92,10.98,10.79,0.17,1,6485050,651,70531466
2017-02-13,10.96,11.01,11.02,10.94,0.09,1,5343000,466,58704490
2017-02-14,11.12,11.04,11.13,11.01,0.03,1,10138000,777,112350160
2017-02-15,11.1,11.26,11.27,11.08,0.22,1,6444000,591,71856310
2017-02-16,11.32,11.18,11.37,11.16,-0.08,-1,8733000,817,98295560
2017-02-17,11.21,11.18,11.22,11.15,0.0,0,5543000,400,61996980
2017-02-18,11.21,11.24,11.24,11.21,0.06,1,4215000,223,47307100
2017-02-20,11.26,11.12,11.28,11.12,-0.12,-1,7412000,478,83088810
2017-02-21,11.19,11.17,11.2,11.11,0.05,1,5067000,440,56509470
2017-02-22,11.27,11.2,11.3,11.2,0.03,1,6482015,447,72937078
2017-02-23,11.18,11.19,11.3,11.18,-0.01,-1,5667000,427,63673470
2017-02-24,11.16,11.19,11.21,11.11,0.0,0,5845000,404,65325990
2017-03-01,11.15,10.99,11.16,10.98,-0.2,-1,9205000,802,101961970
2017-03-02,11.16,10.98,11.2,10.91,-0.01,-1,15950000,1354,176616280
2017-03-03,10.91,10.88,10.96,10.88,-0.1,-1,8080000,801,88188360
2017-03-06,10.86,10.98,10.98,10.86,0.1,1,5036000,462,55093360
2017-03-07,11.03,11.09,11.09,10.99,0.11,1,5957000,566,65777820
2017-03-08,11.1,11.14,11.16,11.03,0.05,1,6706000,627,74452740
2017-03-09,11.1,10.91,11.1,10.91,-0.23,-1,10688000,1048,117171290
2017-03-10,10.87,10.88,10.89,10.71,-0.03,-1,8693333,911,94018583
2017-03-13,10.92,11.0,11.01,10.92,0.12,1,5574000,633,61175870
2017-03-14,11.06,11.15,11.17,11.06,0.15,1,6867000,630,76318100
2017-03-15,11.09,11.11,11.13,11.06,-0.04,-1,6128000,553,68010420
2017-03-16,11.23,11.36,11.37,11.23,0.25,1,12218000,813,138304290
2017-03-17,11.41,11.46,11.46,11.35,0.1,1,5656000,463,64483920
2017-03-20,11.42,11.49,11.51,11.41,0.03,1,4353000,361,49961370
2017-03-21,11.56,11.66,11.67,11.55,0.17,1,5598000,479,65056100
2017-03-22,11.47,11.47,11.49,11.39,-0.19,-1,7282000,667,83384540
2017-03-23,11.59,11.53,11.6,11.44,0.06,1,6578000,434,75845540
2017-03-24,11.51,11.48,11.54,11.46,-0.05,-1,5745000,357,66054210
2017-03-27,11.38,11.42,11.52,11.38,-0.06,-1,5194000,372,59455750
2017-03-28,11.52,11.41,11.55,11.27,-0.01,-1,9226000,687,105315940
2017-03-29,11.46,11.39,11.48,11.37,-0.02,-1,4830000,484,55102530
2017-03-30,11.4,11.38,11.45,11.34,-0.01,-1,3967000,288,45188450
2017-03-31,11.4,11.31,11.42,11.31,-0.07,-1,4116000,228,46787110
2017-04-05,11.38,11.57,11.57,11.38,0.26,1,5281000,351,60647789
2017-04-06,11.56,11.46,11.56,11.44,-0.11,-1,2738000,186,31432080
2017-04-07,11.41,11.39,11.46,11.2,-0.07,-1,6739000,491,76361120
2017-04-10,11.42,11.41,11.45,11.37,0.02,1,2524015,126,28803868
2017-04-11,11.36,11.3,11.46,11.28,-0.11,-1,3120000,268,35405080
2017-04-12,11.28,11.28,11.31,11.21,-0.02,-1,2518000,145,28386470
2017-04-13,11.25,11.37,11.4,11.24,0.09,1,2926000,201,33165830
2017-04-14,11.24,11.06,11.24,11.06,-0.31,-1,5164000,437,57675820
2017-04-17,11.13,11.08,11.14,10.98,0.02,1,3140000,265,34674180
2017-04-18,11.15,11.1,11.17,11.08,0.02,1,2756000,174,30609310
2017-04-19,10.97,10.88,11.0,10.85,-0.22,-1,3493000,385,38149500
2017-04-20,10.82,10.85,10.9,10.8,-0.03,-1,3621000,205,39257730
2017-04-21,10.96,11.05,11.06,10.96,0.2,1,3186000,242,35056360
2017-04-24,11.17,11.05,11.18,11.01,0.0,0,2277000,207,25208670
2017-04-25,11.14,11.29,11.29,11.11,0.24,1,5288000,352,59319830
2017-04-26,11.4,11.37,11.43,11.34,0.08,1,3510000,249,39947550
2017-04-27,11.35,11.36,11.38,11.3,-0.01,-1,2901000,150,32874540
2017-04-28,11.37,11.41,11.45,11.35,0.05,1,3738000,186,42595030
2017-05-02,11.55,11.56,11.61,11.55,0.15,1,4310000,375,49903830
2017-05-03,11.58,11.59,11.64,11.58,0.03,1,2767000,136,32101950
2017-05-04,11.61,11.61,11.63,11.54,0.02,1,2275000,106,26352610
2017-05-05,11.58,11.47,11.58,11.47,-0.14,-1,2365000,218,27271350
2017-05-08,11.6,11.52,11.61,11.47,0.05,1,2438000,147,28159920
2017-05-09,11.56,11.52,11.69,11.49,0.0,0,5054000,236,58660600
2017-05-10,11.56,11.62,11.62,11.54,0.1,1,2153000,84,24944080
2017-05-11,11.59,11.7,11.7,11.59,0.08,1,4798000,221,55959140
2017-05-12,11.67,11.67,11.7,11.65,-0.03,-1,2386000,118,27847550
2017-05-15,11.67,11.8,11.8,11.67,0.13,1,2062000,151,24210330
2017-05-16,11.8,11.77,11.83,11.72,-0.03,-1,2799000,133,32958330
2017-05-17,11.73,11.72,11.75,11.68,-0.05,-1,2204000,99,25820380
2017-05-18,11.55,11.65,11.65,11.48,-0.07,-1,3203000,221,37046550
2017-05-19,11.63,11.63,11.65,11.6,-0.02,-1,1792000,59,20841430
2017-05-22,11.65,11.69,11.69,11.63,0.06,1,1693000,76,19769500
2017-05-23,11.69,11.76,11.78,11.68,0.07,1,2310000,108,27115270
2017-05-24,11.77,11.8,11.81,11.77,0.04,1,1284000,123,15149500
2017-05-25,11.88,12.0,12.0,11.88,0.2,1,2067000,182,24718890
2017-05-26,12.03,11.96,12.04,11.94,-0.04,-1,5506100,180,66165218
