date,OP,CP,HP,LP,DF,RD,TV,TC,TO
2016-03-17,136.0,131.0,142.0,130.0,0.0,0,66261,62,8990191
2016-03-18,131.0,126.0,132.0,125.0,-5.0,-1,65173,68,8278298
2016-03-21,127.0,130.0,133.5,126.0,4.0,1,42170,45,5536100
2016-03-22,130.0,130.0,132.0,130.0,0.0,0,23200,23,3033000
2016-03-23,129.0,129.5,131.5,129.0,-0.5,-1,29365,31,3831585
2016-03-24,133.0,131.0,133.0,129.5,1.5,1,22108,25,2911593
2016-03-25,132.0,130.5,133.0,130.5,-0.5,-1,11300,12,1491500
2016-03-28,130.5,129.0,130.5,126.5,-1.5,-1,30070,28,3860960
2016-03-29,128.0,123.0,128.0,122.0,-6.0,-1,21283,24,2660309
2016-03-30,127.5,125.5,127.5,123.0,2.5,1,15000,11,1867000
2016-03-31,125.0,123.5,125.0,123.0,-2.0,-1,11300,14,1403350
2016-04-01,123.5,125.0,125.0,123.5,1.5,1,15000,13,1865500
2016-04-06,126.5,124.0,126.5,123.5,-1.0,-1,17007,19,2107375
2016-04-07,123.0,122.0,123.5,122.0,-2.0,-1,13110,13,1611310
2016-04-08,123.0,121.0,123.0,121.0,-1.0,-1,10020,14,1221440
2016-04-11,121.0,120.0,124.0,120.0,-1.0,-1,18100,17,2190900
2016-04-12,118.0,116.0,118.0,116.0,-4.0,-1,28540,27,3325680
2016-04-13,116.0,115.5,116.0,115.0,-0.5,-1,23080,28,2670200
2016-04-14,115.0,117.0,117.0,115.0,1.5,1,18352,24,2132036
2016-04-15,117.0,123.5,125.0,117.0,6.5,1,73709,72,8984707
2016-04-18,123.0,120.5,123.0,120.0,-3.0,-1,22456,24,2712720
2016-04-19,122.0,122.0,122.0,120.0,1.5,1,14000,12,1695000
2016-04-20,120.0,120.0,121.0,120.0,-2.0,-1,13540,16,1629260
2016-04-21,120.5,118.5,121.0,118.5,-1.5,-1,17510,17,2096680
2016-04-22,119.0,120.0,120.0,119.0,1.5,1,22100,21,2646900
2016-04-25,120.5,122.0,122.0,120.0,2.0,1,22130,23,2670490
2016-04-26,122.0,120.5,122.5,120.5,-1.5,-1,21200,18,2571000
2016-04-27,121.0,120.5,121.0,120.5,0.0,0,15000,12,1809000
2016-04-28,123.0,122.5,123.0,121.0,2.0,1,33545,29,4078490
2016-04-29,122.5,120.0,122.5,120.0,-2.5,-1,16600,16,2006900
2016-05-03,120.0,120.0,120.5,120.0,0.0,0,41540,38,4986760
2016-05-04,122.0,120.5,122.0,120.0,0.5,1,40535,39,4882200
2016-05-05,120.0,120.5,121.0,119.5,0.0,0,25000,24,3007000
2016-05-06,119.0,120.0,121.0,119.0,-0.5,-1,28000,23,3359000
2016-05-09,121.0,120.0,121.0,119.0,0.0,0,18860,17,2263840
2016-05-10,120.0,118.5,120.0,118.5,-1.5,-1,39150,33,4667200
2016-05-11,118.5,121.0,123.0,116.5,2.5,1,56700,54,6794500
2016-05-12,120.0,118.5,120.0,118.5,-2.5,-1,13150,13,1573200
2016-05-13,118.5,114.0,118.5,112.0,-4.5,-1,50500,49,5814500
2016-05-16,114.0,112.0,114.5,112.0,-2.0,-1,29080,26,3286460
2016-05-17,115.0,112.0,115.0,112.0,0.0,0,36000,30,4063000
2016-05-18,112.0,109.0,112.0,108.0,-3.0,-1,48011,40,5270210
2016-05-19,109.0,107.5,109.0,107.5,-1.5,-1,13700,16,1480400
2016-05-20,107.5,104.0,107.5,103.5,-3.5,-1,35230,36,3711420
2016-05-23,104.0,108.0,111.0,104.0,4.0,1,41600,41,4493700
2016-05-24,110.0,105.5,110.0,105.0,-2.5,-1,42400,45,4515200
2016-05-25,106.5,106.0,107.5,104.5,0.5,1,57651,44,6092355
2016-05-26,106.0,105.0,106.0,104.5,-1.0,-1,25300,25,2661000
2016-05-27,105.5,104.0,106.0,103.0,-1.0,-1,34450,34,3595750
2016-05-30,104.0,108.0,108.0,104.0,4.0,1,47110,46,4978880
2016-05-31,108.0,108.0,109.5,108.0,0.0,0,40103,39,4353727
2016-06-01,108.0,107.5,109.5,107.5,-0.5,-1,37000,35,4000000
2016-06-02,108.5,105.5,108.5,105.5,-2.0,-1,41840,43,4480120
2016-06-03,105.0,108.0,108.0,105.0,2.5,1,21221,19,2272368
2016-06-04,109.5,118.5,118.5,109.0,10.5,1,147312,149,17155470
2016-06-06,118.0,119.0,120.0,115.5,0.5,1,100103,100,11902154
2016-06-07,119.0,116.0,120.5,115.0,-3.0,-1,47004,45,5526968
2016-06-08,114.0,115.0,116.0,114.0,-1.0,-1,24000,22,2751000
2016-06-13,114.0,107.0,114.0,106.5,-8.0,-1,44095,46,4808760
2016-06-14,106.0,107.0,109.0,106.0,0.0,0,40050,38,4290850
2016-06-15,108.0,107.0,108.0,106.0,0.0,0,24200,22,2588400
2016-06-16,107.5,106.0,107.5,104.5,-1.0,-1,29000,26,3054500
2016-06-17,107.0,107.0,107.0,106.5,1.0,1,13020,11,1390620
2016-06-20,108.0,109.0,109.0,107.0,2.0,1,20003,22,2159830
2016-06-21,109.0,111.0,113.0,109.0,2.0,1,54000,52,6020000
2016-06-22,111.0,112.0,113.0,110.5,1.0,1,23541,22,2631551
2016-06-23,113.0,110.0,113.5,110.0,-2.0,-1,32220,33,3619420
2016-06-24,110.0,106.5,112.5,105.0,-3.5,-1,32450,34,3522200
2016-06-27,102.5,105.0,106.0,102.5,-1.5,-1,36178,39,3782368
2016-06-28,104.5,105.5,105.5,104.5,0.5,1,41000,38,4304500
2016-06-29,105.5,106.0,106.0,105.0,0.5,1,22100,23,2332549
2016-06-30,106.5,108.5,112.0,106.0,2.5,1,69400,63,7562200
2016-07-01,108.5,108.5,109.0,108.0,0.0,0,20000,17,2169000
2016-07-04,114.0,109.5,114.0,108.5,1.0,1,28100,29,3085950
2016-07-05,110.5,108.5,110.5,107.0,-1.0,-1,34050,35,3677925
2016-07-06,108.0,106.0,108.0,105.5,-2.5,-1,25121,26,2680947
2016-07-07,106.0,106.0,106.5,105.5,0.0,0,28440,24,3011640
2016-07-11,108.5,107.5,108.5,106.0,1.5,1,18540,20,1984280
2016-07-12,107.5,107.0,107.5,106.0,-0.5,-1,23250,25,2483500
2016-07-13,103.5,106.0,107.0,103.5,-1.0,-1,43150,38,4554475
2016-07-14,105.5,107.0,109.0,105.5,1.0,1,33200,30,3575900
2016-07-15,107.5,108.5,109.0,107.5,1.5,1,38188,40,4136397
2016-07-18,106.0,104.5,106.5,104.5,0.0,0,48100,39,5064950
2016-07-19,105.0,104.0,105.0,104.0,-0.5,-1,14258,15,1489074
2016-07-20,104.0,103.0,104.5,103.0,-1.0,-1,16100,18,1662849
2016-07-21,103.0,103.5,104.5,103.0,0.5,1,24671,28,2558113
2016-07-22,104.0,102.5,104.0,102.5,-1.0,-1,15000,9,1548500
2016-07-25,102.0,102.0,103.0,102.0,-0.5,-1,10000,10,1022000
2016-07-26,106.5,104.0,106.5,102.5,2.0,1,7100,9,739300
2016-07-27,103.0,103.5,104.0,103.0,-0.5,-1,12250,13,1265375
2016-07-28,102.0,101.0,102.5,100.0,-2.5,-1,45100,42,4564150
2016-07-29,102.0,102.0,102.5,101.0,1.0,1,16249,18,1650649
2016-08-01,104.0,102.0,104.0,101.5,0.0,0,9410,13,963910
2016-08-02,103.0,104.0,104.0,102.5,2.0,1,12200,11,1256100
2016-08-03,103.0,102.5,103.5,102.5,-1.5,-1,16000,16,1649000
2016-08-04,103.0,106.0,106.0,102.5,3.5,1,66447,59,6955382
2016-08-05,108.5,116.5,116.5,108.5,10.5,1,246681,234,28057996
2016-08-08,120.5,118.0,123.0,118.0,1.5,1,214400,188,25771800
2016-08-09,116.0,113.5,116.0,113.0,-4.5,-1,81429,81,9255977
2016-08-10,112.5,113.0,113.0,110.5,-0.5,-1,47001,44,5276113
2016-08-11,114.5,119.0,121.0,114.5,6.0,1,199606,174,23806309
2016-08-12,121.0,128.0,129.0,120.0,9.0,1,198416,173,24784248
2016-08-15,131.5,126.0,131.5,125.0,-2.0,-1,108206,107,13885750
2016-08-16,126.0,123.0,126.0,122.5,-3.0,-1,83037,82,10278014
2016-08-17,125.5,126.0,126.5,123.0,3.0,1,57787,56,7237875
2016-08-18,127.5,126.0,127.5,124.0,0.0,0,40693,37,5092625
2016-08-19,127.0,122.0,127.0,122.0,-4.0,-1,41204,42,5069286
2016-08-22,120.5,118.0,120.5,117.0,-4.0,-1,67199,59,7951581
2016-08-23,119.0,120.0,120.0,118.0,2.0,1,16080,18,1919100
2016-08-24,119.5,120.0,120.0,119.0,0.0,0,17120,18,2041400
2016-08-25,123.0,123.0,124.5,122.0,3.0,1,35697,39,4398034
2016-08-26,129.0,135.0,135.0,126.5,12.0,1,264966,232,34863910
2016-08-29,139.0,141.0,146.0,137.5,6.0,1,249055,251,35389670
2016-08-30,143.0,144.0,148.5,139.0,3.0,1,135911,137,19610773
2016-08-31,144.0,158.0,158.0,144.0,14.0,1,224296,233,34158768
2016-09-01,164.0,159.0,172.5,155.5,1.0,1,381202,350,62704118
2016-09-02,158.0,162.0,164.0,154.0,3.0,1,224715,206,35774615
2016-09-05,163.5,159.0,164.5,158.0,-3.0,-1,120576,118,19415584
2016-09-06,160.0,160.0,164.0,159.0,1.0,1,151200,137,24350300
2016-09-07,161.5,157.5,161.5,155.0,-2.5,-1,100369,98,15900116
2016-09-08,157.0,160.0,160.0,155.0,2.5,1,70040,70,11033480
2016-09-09,158.0,157.5,158.0,156.0,-2.5,-1,39641,43,6217956
2016-09-10,155.0,151.5,155.5,150.0,-6.0,-1,99000,85,15073000
2016-09-12,152.5,152.5,152.5,149.0,1.0,1,55200,51,8309300
2016-09-13,153.0,149.0,153.0,149.0,-3.5,-1,48099,38,7236449
2016-09-14,149.0,147.0,149.0,146.0,-2.0,-1,38200,36,5624400
2016-09-19,147.0,155.0,157.0,146.0,8.0,1,72431,76,11040805
2016-09-20,154.0,153.0,155.0,152.5,-2.0,-1,48100,46,7394700
2016-09-21,153.0,161.0,164.0,153.0,8.0,1,107551,116,17234211
2016-09-22,159.0,158.0,160.0,154.0,-3.0,-1,73179,70,11508103
2016-09-23,158.0,158.0,161.0,157.0,0.0,0,32540,33,5166780
2016-09-26,157.0,156.0,157.0,155.0,-2.0,-1,21300,23,3315300
2016-09-29,153.0,150.5,153.0,150.5,-5.5,-1,49460,50,7516460
2016-09-30,150.5,147.0,150.5,147.0,-3.5,-1,55200,58,8175400
2016-10-03,148.0,148.0,150.5,148.0,1.0,1,41366,40,6183034
2016-10-04,149.5,146.0,149.5,146.0,-2.0,-1,52400,53,7707000
2016-10-05,148.5,149.5,150.5,148.5,3.5,1,28100,28,4198900
2016-10-06,150.0,149.5,150.0,148.0,0.0,0,16000,16,2385500
2016-10-07,150.5,149.5,150.5,148.5,0.0,0,17000,17,2537500
2016-10-11,149.5,141.0,149.5,140.5,-8.5,-1,67487,69,9628680
2016-10-12,136.5,138.5,139.0,136.5,-2.5,-1,41100,38,5666300
2016-10-13,138.5,141.5,141.5,137.5,3.0,1,30010,25,4171420
2016-10-14,141.0,142.5,142.5,136.5,1.0,1,27150,27,3775025
2016-10-17,137.0,140.0,140.0,137.0,-2.5,-1,27020,27,3747800
2016-10-18,140.0,139.0,141.0,139.0,-1.0,-1,7100,8,993900
2016-10-19,140.5,138.0,140.5,138.0,-1.0,-1,17300,15,2404100
2016-10-20,138.0,138.0,139.0,138.0,0.0,0,18083,20,2503454
2016-10-21,135.0,136.0,136.0,135.0,-2.0,-1,32100,34,4339600
2016-10-24,134.5,134.5,135.0,133.5,-1.5,-1,13300,15,1785150
2016-10-25,134.5,136.0,136.0,133.0,1.5,1,19100,18,2563000
2016-10-26,135.0,133.0,135.0,133.0,-3.0,-1,13000,11,1741500
2016-10-27,133.0,133.5,135.5,133.0,0.5,1,12000,12,1612000
2016-10-28,133.5,135.0,135.0,133.5,1.5,1,7500,8,1006500
2016-10-31,133.5,135.0,135.0,133.5,0.0,0,11091,8,1486694
2016-11-01,138.0,143.5,147.5,138.0,8.5,1,115152,108,16496810
2016-11-02,145.0,139.0,145.0,138.0,-4.5,-1,62700,57,8771600
2016-11-03,138.0,138.0,138.0,132.5,-1.0,-1,43000,40,5832000
2016-11-04,137.5,135.0,137.5,135.0,-3.0,-1,18000,16,2462500
2016-11-07,130.0,131.0,133.0,130.0,-4.0,-1,54100,51,7100200
2016-11-08,131.0,130.0,131.0,120.5,-1.0,-1,84422,80,10620282
2016-11-09,133.0,123.0,133.0,123.0,-7.0,-1,41200,40,5148800
2016-11-10,123.0,126.0,128.0,123.0,3.0,1,33100,31,4198100
2016-11-11,126.0,124.0,126.0,123.5,-2.0,-1,18000,18,2242500
2016-11-14,123.0,124.0,126.5,122.0,0.0,0,21100,18,2610900
2016-11-15,127.0,125.0,130.0,125.0,1.0,1,28100,28,3576900
2016-11-16,125.5,123.0,125.5,122.0,-2.0,-1,24020,25,2978980
2016-11-17,123.0,125.0,125.0,123.0,2.0,1,29000,21,3600000
2016-11-18,125.0,122.5,125.0,122.0,-2.5,-1,7049,7,866076
2016-11-21,124.0,124.0,124.0,122.0,1.5,1,15000,9,1847000
2016-11-22,124.0,124.0,124.0,122.5,0.0,0,15000,14,1852500
2016-11-23,123.0,123.5,124.0,123.0,-0.5,-1,7000,7,865500
2016-11-24,123.0,123.0,123.5,121.0,-0.5,-1,13030,14,1593840
2016-11-25,122.0,123.0,123.0,122.0,0.0,0,15000,9,1833000
2016-11-28,123.5,122.0,123.5,119.0,-1.0,-1,20000,19,2413500
2016-11-29,122.0,121.0,122.0,121.0,-1.0,-1,15002,12,1824242
2016-11-30,122.0,124.5,131.0,122.0,3.5,1,88200,84,11171800
2016-12-01,124.5,126.0,126.0,123.0,1.5,1,20507,22,2552875
2016-12-02,125.0,125.5,125.5,124.0,-0.5,-1,8020,7,1001510
2016-12-05,125.0,124.5,125.0,123.0,-1.0,-1,13100,13,1625400
2016-12-06,124.5,127.5,129.0,124.0,3.0,1,45540,40,5788580
2016-12-07,126.5,128.0,128.5,126.5,0.5,1,43000,34,5496000
2016-12-08,130.0,129.0,130.0,127.0,1.0,1,39000,34,5048500
2016-12-09,129.0,128.5,129.0,127.0,-0.5,-1,20020,20,2558580
2016-12-12,128.0,127.0,128.0,125.0,-1.5,-1,22002,19,2785256
2016-12-13,126.0,126.5,126.5,124.5,-0.5,-1,25002,20,3140755
2016-12-14,126.5,124.5,126.5,124.5,-2.0,-1,16511,13,2069864
2016-12-15,125.0,125.0,125.0,124.5,0.5,1,17000,14,2120000
2016-12-16,129.0,124.5,129.0,124.0,-0.5,-1,31100,22,3885550
2016-12-19,124.5,123.0,124.5,122.0,-1.5,-1,15020,12,1853980
2016-12-20,123.0,123.5,123.5,123.0,0.5,1,13000,10,1602000
2016-12-21,122.5,124.0,124.0,122.5,0.5,1,12000,8,1478500
2016-12-22,124.5,124.0,124.5,120.5,0.0,0,28000,23,3423500
2016-12-23,122.0,124.0,124.0,121.0,0.0,0,12000,8,1475000
2016-12-26,123.0,123.5,124.0,122.0,-0.5,-1,11001,10,1357124
2016-12-27,123.0,123.0,123.0,122.0,-0.5,-1,9000,3,1106000
2016-12-28,122.0,121.5,123.5,121.5,-1.5,-1,11000,7,1343500
2016-12-29,124.0,123.0,124.0,122.0,1.5,1,10100,11,1238250
2016-12-30,123.0,122.5,123.5,121.0,-0.5,-1,27000,20,3315500
2017-01-03,122.5,122.5,122.5,122.0,0.0,0,17000,15,2077500
2017-01-04,122.5,124.5,125.0,122.5,2.0,1,18000,16,2225500
2017-01-05,125.5,124.5,126.5,124.5,0.0,0,32000,31,4018000
2017-01-06,125.0,125.0,125.5,123.0,0.5,1,17100,18,2119100
2017-01-09,125.0,125.0,125.0,123.5,0.0,0,9001,8,1121126
2017-01-10,125.5,125.0,125.5,125.0,0.0,0,10047,11,1258422
2017-01-11,125.5,125.0,125.5,123.0,0.0,0,15100,16,1880500
2017-01-12,125.0,125.0,129.5,125.0,0.0,0,37400,34,4750700
2017-01-13,126.0,126.0,126.5,125.0,1.0,1,6000,4,755500
2017-01-16,125.0,125.0,125.0,124.5,-1.0,-1,7000,7,873500
2017-01-17,125.0,126.5,127.0,124.5,1.5,1,19100,17,2400150
2017-01-18,127.5,126.5,127.5,125.5,0.0,0,16000,14,2028000
2017-01-19,126.0,125.0,126.0,125.0,-1.5,-1,6099,8,765974
2017-01-20,127.0,125.0,127.0,125.0,0.0,0,18905,18,2381125
