date,OP,CP,HP,LP,DF,RD,TV,TC,TO
2016-05-09,23.1,23.6,24.8,22.85,0.0,0,3708183,2551,88116092
2016-05-10,24.0,26.5,26.8,23.95,2.9,1,2260200,1487,55908100
2016-05-11,26.0,25.3,26.2,25.0,-1.2,-1,1428000,873,36459150
2016-05-12,25.3,24.5,25.4,23.8,-0.8,-1,877200,490,21413260
2016-05-13,24.45,24.5,24.8,23.8,0.0,0,478068,289,11578102
2016-05-16,24.05,24.2,24.3,23.8,-0.3,-1,324167,216,7776808
2016-05-17,24.15,24.05,24.3,23.9,-0.15,-1,348000,172,8373450
2016-05-18,24.0,23.9,24.35,23.8,-0.15,-1,353000,148,8474800
2016-05-19,23.95,23.9,24.0,23.55,0.0,0,319000,154,7602050
2016-05-20,23.85,24.0,24.0,23.6,0.1,1,115000,64,2738450
2016-05-23,24.2,24.15,24.4,23.8,0.15,1,224301,148,5416178
2016-05-24,24.3,24.8,25.4,24.3,0.65,1,657082,359,16235066
2016-05-25,24.5,24.6,24.75,24.2,-0.2,-1,368000,200,9009300
2016-05-26,24.7,25.05,25.75,24.35,0.45,1,388400,250,9710150
2016-05-27,24.8,25.0,25.3,24.7,-0.05,-1,168110,118,4196350
2016-05-30,24.9,24.6,25.2,24.55,-0.4,-1,212000,130,5255600
2016-05-31,24.6,24.7,24.9,24.4,0.1,1,139153,88,3417627
2016-06-01,24.7,24.9,25.45,24.6,0.2,1,477107,212,11890513
2016-06-02,24.9,24.6,24.9,24.45,-0.3,-1,182000,106,4481500
2016-06-03,24.6,24.75,24.75,24.5,0.15,1,121000,73,2980450
2016-06-04,24.6,24.6,24.7,24.55,-0.15,-1,48000,32,1182100
2016-06-06,24.6,24.85,25.05,24.5,0.25,1,240000,130,5952100
2016-06-07,24.95,27.3,27.3,24.95,2.45,1,1497909,772,40077764
2016-06-08,28.0,28.7,29.8,27.7,1.4,1,2294064,1215,65340306
2016-06-13,27.3,27.0,27.5,25.85,-1.7,-1,1100465,618,29219047
2016-06-14,26.1,26.4,26.6,26.1,-0.6,-1,438010,291,11571161
2016-06-15,25.0,25.2,25.7,24.65,0.0,0,243500,201,6140723
2016-06-16,25.2,24.55,25.2,24.4,-0.65,-1,369150,194,9130805
2016-06-17,24.85,24.15,25.0,24.05,-0.4,-1,210247,135,5091452
2016-06-20,24.2,23.9,24.5,23.6,-0.25,-1,311000,140,7456350
2016-06-21,24.3,24.0,24.3,24.0,0.1,1,206010,102,4972690
2016-06-22,24.0,23.75,24.0,23.7,-0.25,-1,133687,84,3185181
2016-06-23,23.8,23.8,24.0,23.75,0.05,1,58000,41,1383450
2016-06-24,23.9,23.3,23.9,22.8,-0.5,-1,324790,144,7584897
2016-06-27,22.85,23.1,23.5,22.85,-0.2,-1,80000,45,1848300
2016-06-28,23.0,23.1,23.2,22.9,0.0,0,113030,66,2599749
2016-06-29,23.1,23.4,23.4,23.1,0.3,1,95000,43,2197750
2016-06-30,23.4,23.6,23.9,23.4,0.2,1,82200,46,1943470
2016-07-01,23.65,23.6,23.65,23.45,0.0,0,48000,37,1129100
2016-07-04,23.65,23.5,23.65,23.5,-0.1,-1,51000,28,1202000
2016-07-05,23.4,23.15,23.4,23.0,-0.35,-1,60000,37,1389250
2016-07-06,23.1,23.2,23.3,23.05,0.05,1,73000,39,1689350
2016-07-07,23.2,23.1,23.2,23.1,-0.1,-1,36000,22,833700
2016-07-11,23.1,23.1,23.3,23.1,0.0,0,50204,39,1164952
2016-07-12,23.2,23.2,23.3,23.1,0.1,1,64020,33,1485218
2016-07-13,23.3,23.2,23.3,23.1,0.0,0,26000,12,603850
2016-07-14,23.3,23.3,23.3,23.2,0.1,1,29000,22,674250
2016-07-15,23.3,23.25,23.35,23.2,-0.05,-1,42000,24,978050
2016-07-18,23.3,23.1,23.55,23.1,-0.15,-1,55000,40,1277800
2016-07-19,23.0,23.1,23.2,23.0,0.0,0,60000,33,1382200
2016-07-20,23.15,23.25,23.45,23.1,0.15,1,48150,42,1121180
2016-07-21,23.35,23.1,23.35,23.1,-0.15,-1,20002,19,464146
2016-07-22,23.15,23.2,23.2,23.1,0.1,1,24021,23,556135
2016-07-25,23.2,23.05,23.2,23.0,-0.15,-1,37693,27,869400
2016-07-26,23.15,22.95,23.15,22.95,-0.1,-1,111542,48,2565651
2016-07-27,22.9,22.8,22.95,22.8,-0.15,-1,64500,46,1473300
2016-07-28,23.2,22.9,23.2,22.85,0.1,1,29100,18,668910
2016-07-29,23.05,23.0,23.05,23.0,0.1,1,54006,28,1243188
2016-08-01,23.0,23.0,23.0,22.9,0.0,0,17105,18,392515
2016-08-02,23.15,22.95,23.15,22.9,-0.05,-1,21153,20,485691
2016-08-03,23.0,22.85,23.0,22.75,-0.1,-1,21000,18,480150
2016-08-04,22.85,22.8,22.9,22.8,-0.05,-1,33000,30,753100
2016-08-05,22.8,22.9,23.0,22.8,0.1,1,26000,21,593850
2016-08-08,22.9,23.6,23.6,22.9,0.7,1,105650,98,2463205
2016-08-09,23.65,24.0,24.8,23.65,0.4,1,224200,151,5426737
2016-08-10,24.0,23.5,24.0,23.4,-0.5,-1,92001,53,2165323
2016-08-11,23.6,23.35,23.6,23.3,-0.15,-1,23005,22,539216
2016-08-12,23.4,23.3,23.4,23.3,-0.05,-1,15010,25,350880
2016-08-15,23.3,23.55,23.55,23.3,0.25,1,17007,23,397661
2016-08-16,23.6,23.65,23.9,23.6,0.1,1,56348,45,1333811
2016-08-17,23.5,23.45,23.5,23.35,-0.2,-1,38292,32,897692
2016-08-18,23.45,23.4,23.45,23.2,-0.05,-1,24640,22,573346
2016-08-19,23.4,23.5,24.0,23.4,0.1,1,94491,60,2235535
2016-08-22,23.4,23.5,23.5,23.3,0.0,0,25006,28,586238
2016-08-23,23.8,23.55,23.8,23.55,0.05,1,34003,23,803519
2016-08-24,23.45,23.4,23.45,23.3,-0.15,-1,28005,24,654715
2016-08-25,23.35,23.5,23.5,23.35,0.1,1,21312,20,498893
2016-08-26,23.4,23.45,23.65,23.2,-0.05,-1,30004,23,702542
2016-08-29,23.45,23.75,23.85,23.25,0.3,1,62020,57,1467610
2016-08-30,23.55,23.75,23.85,23.55,0.0,0,37011,35,877753
2016-08-31,23.8,24.2,24.35,23.8,0.45,1,156002,92,3765098
2016-09-01,24.25,23.95,24.25,23.9,-0.25,-1,49000,27,1175500
2016-09-02,23.9,23.5,23.9,23.5,-0.45,-1,40086,30,952320
2016-09-05,23.6,23.6,23.6,23.2,0.1,1,25003,21,584470
2016-09-06,23.35,23.35,23.65,23.35,-0.25,-1,23000,17,539200
2016-09-07,23.35,23.2,23.35,23.2,-0.15,-1,32239,30,750192
2016-09-08,23.3,23.4,23.9,23.25,0.2,1,33002,21,782496
2016-09-09,23.8,23.45,23.8,23.45,0.05,1,34001,26,801673
2016-09-10,23.1,23.15,23.35,23.0,-0.3,-1,17185,17,397005
2016-09-12,23.2,23.2,23.75,23.15,0.05,1,50000,20,1163250
2016-09-13,23.15,23.3,23.35,22.95,0.1,1,28000,16,649050
2016-09-14,23.15,23.0,23.2,23.0,-0.3,-1,17001,12,392573
2016-09-19,23.05,23.05,23.05,23.05,0.05,1,6140,7,141527
2016-09-20,23.05,23.25,23.35,23.05,0.2,1,3000,3,69650
2016-09-21,23.1,23.3,23.35,23.05,0.05,1,37000,30,857100
2016-09-22,23.3,23.25,23.3,23.25,-0.05,-1,16000,12,372500
2016-09-23,23.1,22.95,23.1,22.95,-0.3,-1,35280,25,812731
2016-09-26,22.95,22.85,22.95,22.85,-0.1,-1,54000,29,1237900
2016-09-29,23.0,23.2,23.2,22.9,0.35,1,25000,18,574600
2016-09-30,22.9,22.95,23.0,22.9,-0.25,-1,15304,13,351376
2016-10-03,23.0,22.85,23.1,22.85,-0.1,-1,45000,19,1031850
2016-10-04,22.8,22.9,22.95,22.8,0.05,1,30000,15,686250
2016-10-05,23.15,22.95,23.15,22.95,0.05,1,38000,11,874200
2016-10-06,23.0,22.9,23.0,22.9,-0.05,-1,16000,14,366900
2016-10-07,22.9,23.0,23.0,22.7,0.1,1,25000,22,570100
2016-10-11,22.7,22.75,22.8,22.7,-0.25,-1,23002,21,522544
2016-10-12,22.75,22.5,22.75,22.3,-0.25,-1,58047,54,1303831
2016-10-13,22.4,22.2,22.4,22.1,-0.3,-1,15000,5,332000
2016-10-14,22.0,21.7,22.15,21.45,-0.5,-1,45000,38,986400
2016-10-17,21.8,21.9,21.9,21.7,0.2,1,37000,19,806800
2016-10-18,21.7,21.85,21.85,21.7,-0.05,-1,12000,9,260650
2016-10-19,22.05,22.0,22.2,21.9,0.15,1,17000,13,373500
2016-10-20,22.45,22.4,22.45,21.9,0.4,1,17000,16,375150
2016-10-21,22.2,22.0,22.2,22.0,-0.4,-1,8000,8,176550
2016-10-24,22.0,21.5,22.0,21.0,-0.5,-1,61000,33,1304200
2016-10-25,21.3,21.35,21.45,21.3,-0.15,-1,27000,20,575900
2016-10-26,21.3,21.6,21.6,21.3,0.25,1,44000,22,938750
2016-10-27,21.4,21.5,21.5,21.05,-0.1,-1,26002,19,553692
2016-10-28,21.5,21.4,21.5,21.2,-0.1,-1,16030,24,341660
2016-10-31,21.4,21.5,21.85,21.2,0.1,1,28000,21,603650
2016-11-01,21.8,21.6,22.0,21.6,0.1,1,13000,12,283300
2016-11-02,21.8,21.65,21.8,21.6,0.05,1,14000,14,303100
2016-11-03,21.65,21.2,21.65,21.15,-0.45,-1,27029,21,579888
2016-11-04,21.6,21.05,21.6,20.7,-0.15,-1,25021,17,528362
2016-11-07,21.25,21.25,21.25,21.25,0.2,1,1000,1,21250
2016-11-08,21.1,20.65,21.1,20.55,-0.6,-1,32308,29,671808
2016-11-09,21.1,20.45,21.1,20.3,-0.2,-1,31000,23,635250
2016-11-10,20.6,20.7,20.7,20.5,0.25,1,16000,13,328450
2016-11-11,20.65,20.5,20.65,20.5,-0.2,-1,4000,4,82300
2016-11-14,20.5,20.5,20.5,20.1,0.0,0,13001,13,264822
2016-11-15,20.2,20.7,20.8,20.2,0.2,1,16004,20,328330
2016-11-16,21.2,20.75,21.25,20.75,0.05,1,13000,9,273950
2016-11-17,20.8,20.95,20.95,20.75,0.2,1,6000,6,125050
2016-11-18,21.0,20.95,21.0,20.55,0.0,0,11255,13,234827
2016-11-21,20.95,20.8,20.95,20.8,-0.15,-1,13200,5,274900
2016-11-22,20.8,20.8,21.0,20.8,0.0,0,21001,19,439270
2016-11-23,20.8,20.75,20.8,20.75,-0.05,-1,5000,5,103900
2016-11-24,20.5,20.85,20.85,20.5,0.1,1,20196,10,415336
2016-11-25,20.7,20.75,20.75,20.7,-0.1,-1,3002,5,62190
2016-11-28,20.75,20.85,20.85,20.7,0.1,1,42022,24,874002
2016-11-29,20.9,21.4,21.8,20.9,0.55,1,43000,28,913400
2016-11-30,21.45,21.5,21.6,21.2,0.1,1,10000,10,212950
2016-12-01,21.2,21.3,21.4,21.2,-0.2,-1,10000,10,213300
2016-12-02,20.9,21.0,21.0,20.9,-0.3,-1,5000,5,104700
2016-12-05,21.0,21.1,21.1,21.0,0.1,1,10000,8,210500
2016-12-06,21.2,21.2,21.2,21.2,0.1,1,4184,6,88688
2016-12-07,21.7,21.05,21.7,21.05,-0.15,-1,18000,14,383950
2016-12-08,21.2,21.0,21.2,21.0,-0.05,-1,15100,11,317919
2016-12-09,21.1,21.05,21.1,21.05,0.05,1,6000,5,126500
2016-12-12,21.05,21.15,21.75,20.85,0.1,1,16000,14,338550
2016-12-13,21.5,21.35,21.6,21.3,0.2,1,23083,18,496322
2016-12-14,21.35,21.7,21.7,21.35,0.35,1,8000,8,172400
2016-12-15,21.8,22.3,23.4,21.8,0.6,1,92160,62,2079036
2016-12-16,22.3,22.1,22.5,21.65,-0.2,-1,31000,18,682650
2016-12-19,21.25,21.35,21.7,21.2,-0.75,-1,30000,19,638500
2016-12-20,21.3,21.55,21.55,21.3,0.2,1,5000,5,107250
2016-12-21,21.35,21.75,21.75,21.3,0.2,1,24000,20,513550
2016-12-22,21.5,21.5,21.5,21.5,-0.25,-1,4000,4,86000
2016-12-23,21.55,21.55,21.7,21.55,0.05,1,11004,9,238036
2016-12-26,21.7,21.7,21.95,21.55,0.15,1,14001,11,304171
2016-12-27,21.6,21.7,21.75,21.55,0.0,0,16000,11,345750
2016-12-28,21.7,21.55,21.7,21.55,-0.15,-1,20001,13,432721
2016-12-29,21.55,21.55,21.7,21.55,0.0,0,22000,10,475050
2016-12-30,21.55,21.55,21.95,21.5,0.0,0,20000,16,432500
2017-01-03,21.5,21.45,21.5,21.45,-0.1,-1,2008,8,43119
2017-01-04,21.5,21.55,21.55,21.5,0.1,1,15000,11,322600
2017-01-05,21.65,21.65,21.7,21.65,0.1,1,7000,7,151650
2017-01-06,21.6,21.7,21.7,21.6,0.05,1,4001,5,86621
2017-01-09,21.8,21.8,22.0,21.8,0.1,1,18002,17,393444
2017-01-10,22.0,21.7,22.0,21.7,-0.1,-1,11000,5,240000
2017-01-11,21.7,21.3,21.7,21.3,-0.4,-1,7000,7,150250
2017-01-12,21.4,21.2,21.4,21.2,-0.1,-1,31000,18,660500
2017-01-13,21.35,21.25,21.5,21.25,0.05,1,13004,7,278935
2017-01-16,,,,,0.0,0,0,0,0
2017-01-17,21.2,21.1,21.2,20.6,0.0,0,24004,17,506484
2017-01-18,20.7,21.25,21.55,20.6,0.15,1,43012,37,903003
2017-01-19,21.0,21.25,21.45,21.0,0.0,0,8009,14,170289
2017-01-20,21.1,21.55,21.55,21.1,0.3,1,3001,4,64171
2017-01-23,21.5,21.5,21.5,21.2,-0.05,-1,14004,13,298084
2017-01-24,21.5,21.3,21.5,21.2,-0.2,-1,4010,14,85710
2017-02-02,21.8,21.6,21.8,21.4,0.3,1,7120,8,153604
2017-02-03,21.6,21.45,21.6,21.45,-0.15,-1,4001,5,86171
2017-02-06,21.4,21.45,21.9,21.4,0.0,0,19005,19,408305
2017-02-07,22.0,21.75,22.1,21.75,0.3,1,24001,18,527571
2017-02-08,22.05,21.8,22.1,21.8,0.05,1,12003,14,263616
2017-02-09,21.9,21.65,21.9,21.65,-0.15,-1,4000,4,87350
2017-02-10,21.65,21.5,21.65,21.5,-0.15,-1,20221,23,435770
2017-02-13,21.5,21.5,21.55,21.5,0.0,0,20014,23,430444
2017-02-14,21.5,21.5,21.5,21.5,0.0,0,13023,9,279993
2017-02-15,21.6,22.0,22.0,21.6,0.5,1,20001,18,437222
2017-02-16,21.85,21.5,21.85,21.5,-0.5,-1,34001,17,736271
2017-02-17,21.95,22.0,22.0,21.55,0.5,1,32099,20,704478
2017-02-18,22.0,21.6,22.0,21.5,-0.4,-1,39074,29,847956
2017-02-20,21.85,21.65,21.85,21.55,0.05,1,19000,15,411500
2017-02-21,21.6,21.8,21.8,21.5,0.15,1,57000,28,1228650
2017-02-22,21.8,21.7,21.8,21.7,-0.1,-1,13098,24,284299
2017-02-23,21.9,22.4,23.2,21.9,0.7,1,37004,24,837338
2017-02-24,22.5,22.25,22.5,22.0,-0.15,-1,54135,40,1204952
2017-03-01,22.4,22.05,22.4,22.05,-0.2,-1,4034,38,89616
2017-03-02,22.55,22.35,22.55,22.0,0.3,1,31000,19,688850
2017-03-03,22.7,22.45,22.7,22.45,0.1,1,30658,22,693456
2017-03-06,22.75,22.55,22.75,22.4,0.1,1,9227,14,207858
2017-03-07,,,,,0.0,0,1,1,22
2017-03-08,22.2,22.05,22.35,22.05,0.0,0,13008,16,288026
2017-03-09,22.05,22.0,22.05,22.0,-0.05,-1,9050,13,199436
2017-03-10,21.8,21.95,22.1,21.65,-0.05,-1,41002,28,895344
2017-03-13,22.1,21.85,22.1,21.5,-0.1,-1,31014,27,673058
2017-03-14,21.6,21.7,21.8,21.55,-0.15,-1,16002,14,346792
2017-03-15,21.85,21.8,21.9,21.75,0.1,1,17002,15,371094
2017-03-16,21.9,21.9,21.9,21.75,0.1,1,7001,8,152822
2017-03-17,22.15,22.3,22.3,22.0,0.4,1,57001,31,1260672
2017-03-20,22.3,22.0,22.3,22.0,-0.3,-1,18005,19,397410
2017-03-21,22.0,22.0,22.1,22.0,0.0,0,18076,13,397872
2017-03-22,22.0,22.15,22.25,22.0,0.15,1,22000,17,487050
2017-03-23,22.2,22.25,22.4,22.2,0.1,1,22000,15,490350
2017-03-24,22.3,22.5,22.8,22.3,0.25,1,54006,46,1217882
