date,OP,CP,HP,LP,DF,RD,TV,TC,TO
2016-01-27,151.0,146.0,151.5,146.0,0.0,0,3657251,2851,542636897
2016-01-28,146.0,138.0,147.0,137.0,-8.0,-1,1806430,1153,259164560
2016-01-29,140.0,143.5,147.0,139.0,5.5,1,803206,682,115746973
2016-01-30,144.0,146.0,146.0,141.5,2.5,1,378020,298,54550440
2016-02-01,146.0,143.5,147.5,143.5,-2.5,-1,560000,349,81384500
2016-02-02,145.0,141.5,145.0,141.5,-2.0,-1,227029,193,32372618
2016-02-03,141.5,138.5,141.5,138.5,-3.0,-1,314100,227,43754050
2016-02-15,140.0,152.0,152.0,139.0,13.5,1,1048749,854,154394099
2016-02-16,150.0,153.0,154.0,150.0,1.0,1,1053545,776,159828340
2016-02-17,155.0,160.5,163.0,154.0,7.5,1,1718361,1348,272265982
2016-02-18,160.0,163.0,165.0,157.5,2.5,1,1197010,914,193451224
2016-02-19,165.0,174.0,175.0,165.0,11.0,1,1923025,1568,328883975
2016-02-22,172.5,172.0,173.5,167.0,-2.0,-1,943281,847,161279970
2016-02-23,172.5,169.0,172.5,165.0,-3.0,-1,863200,719,145527100
2016-02-24,167.0,165.0,170.0,164.0,-4.0,-1,663000,528,109979500
2016-02-25,168.0,165.0,173.0,165.0,0.0,0,819000,656,138229500
2016-02-26,165.0,167.0,169.0,161.0,2.0,1,503050,428,83353950
2016-03-01,167.0,169.0,171.5,167.0,2.0,1,537105,447,91209902
2016-03-02,170.0,168.0,170.0,165.5,-1.0,-1,510120,388,85841400
2016-03-03,168.0,164.5,168.0,164.0,-3.5,-1,767000,503,126675000
2016-03-04,166.5,171.0,172.5,166.5,6.5,1,942060,752,160237350
2016-03-07,173.0,169.0,174.0,168.0,-2.0,-1,363000,304,61913500
2016-03-08,166.5,168.5,170.5,166.5,-0.5,-1,288500,215,48491250
2016-03-09,166.5,170.0,172.0,166.5,1.5,1,431080,321,73134020
2016-03-10,168.0,170.0,171.0,167.5,0.0,0,611080,397,103740600
2016-03-11,173.0,179.0,183.5,172.0,9.0,1,1204100,979,214979750
2016-03-14,177.5,174.0,177.5,173.5,-5.0,-1,709220,596,123997389
2016-03-15,175.5,170.5,176.0,170.0,-3.5,-1,558020,458,95757920
2016-03-16,170.5,172.0,172.5,169.0,1.5,1,373000,249,63719000
2016-03-17,174.5,171.0,176.0,170.5,-1.0,-1,497002,339,85903362
2016-03-18,173.0,175.0,176.5,171.5,4.0,1,504100,418,88051350
2016-03-21,174.5,172.0,174.5,171.0,-3.0,-1,335018,262,57727650
2016-03-22,171.0,172.0,173.0,171.0,0.0,0,251100,175,43175750
2016-03-23,173.5,174.0,177.5,173.5,2.0,1,529050,363,92709225
2016-03-24,174.0,175.0,178.0,173.0,1.0,1,333020,290,58653520
2016-03-25,174.0,176.0,176.5,173.0,1.0,1,328320,250,57294820
2016-03-28,176.5,174.5,176.5,173.5,-1.5,-1,193001,171,33679176
2016-03-29,173.5,162.0,174.0,158.0,-12.5,-1,765050,578,125296125
2016-03-30,160.0,163.0,163.0,158.0,1.0,1,301001,245,48464169
2016-03-31,164.5,161.5,164.5,160.5,-1.5,-1,157000,119,25462000
2016-04-01,161.5,157.5,162.5,155.0,-4.0,-1,284091,236,45000060
2016-04-06,155.0,161.5,164.5,150.5,4.0,1,326361,281,51314982
2016-04-07,161.0,161.0,161.5,158.0,-0.5,-1,164000,135,26279000
2016-04-08,160.0,161.0,162.0,159.0,0.0,0,99000,81,15873500
2016-04-11,158.5,159.0,161.0,154.5,-2.0,-1,189000,159,30021500
2016-04-12,159.0,158.5,161.5,158.0,-0.5,-1,183100,157,29197249
2016-04-13,159.0,157.5,159.5,157.0,-1.0,-1,64100,57,10139300
2016-04-14,160.0,158.0,160.0,158.0,0.5,1,53000,46,8408000
2016-04-15,158.0,160.0,160.0,156.5,2.0,1,78100,66,12369000
2016-04-18,160.0,159.5,160.0,158.0,-0.5,-1,49001,40,7773158
2016-04-19,160.5,167.0,169.0,160.0,7.5,1,410205,336,67429235
2016-04-20,167.5,168.0,172.0,167.5,1.0,1,499033,397,84451560
2016-04-21,169.0,169.5,170.5,166.0,1.5,1,208300,190,35183949
2016-04-22,167.0,164.5,169.0,164.5,-5.0,-1,223000,164,37098000
2016-04-25,164.0,161.5,164.5,161.5,-3.0,-1,85090,65,13889670
2016-04-26,163.0,163.5,164.5,162.0,2.0,1,77008,60,12533804
2016-04-27,160.5,161.0,163.0,160.5,-2.5,-1,63008,57,10209788
2016-04-28,161.0,162.0,162.5,160.5,1.0,1,73100,65,11805100
2016-04-29,161.0,158.5,162.5,158.5,-3.5,-1,78100,68,12524900
2016-05-03,157.5,156.0,157.5,154.0,-2.5,-1,84010,71,13079570
2016-05-04,158.5,154.5,158.5,152.5,-1.5,-1,103000,85,15945000
2016-05-05,153.0,153.5,154.5,152.5,-1.0,-1,61100,50,9372300
2016-05-06,153.5,153.5,156.5,153.0,0.0,0,72105,61,11087670
2016-05-09,153.5,153.5,155.5,153.0,0.0,0,47041,43,7218834
2016-05-10,152.5,153.5,153.5,151.0,0.0,0,104688,95,15950584
2016-05-11,154.0,152.0,154.0,152.0,-1.5,-1,62000,55,9486500
2016-05-12,156.0,156.5,164.0,153.5,4.5,1,208000,164,32886500
2016-05-13,163.5,160.5,163.5,156.5,4.0,1,156047,149,25044020
2016-05-16,160.0,162.0,162.0,157.0,1.5,1,96010,69,15380650
2016-05-17,159.5,160.5,161.0,159.5,-1.5,-1,53000,45,8490500
2016-05-18,161.5,161.0,162.0,159.5,0.5,1,68000,49,10942500
2016-05-19,162.5,159.5,163.0,156.5,-1.5,-1,70100,69,11099600
2016-05-20,160.5,160.0,160.5,158.5,0.5,1,33255,33,5306290
2016-05-23,159.5,160.0,162.0,159.0,0.0,0,57100,52,9152149
2016-05-24,161.5,160.0,161.5,158.5,0.0,0,39000,27,6215000
2016-05-25,160.5,161.5,163.0,160.5,1.5,1,89200,77,14417800
2016-05-26,160.5,161.0,162.0,160.5,-0.5,-1,42000,37,6763500
2016-05-27,162.5,165.5,167.5,162.0,4.5,1,237200,183,39147800
2016-05-30,166.0,168.0,169.5,164.0,2.5,1,177100,145,29708900
2016-05-31,166.5,165.0,168.0,165.0,-3.0,-1,202075,108,33477300
2016-06-01,161.5,164.0,165.0,161.5,-1.0,-1,67000,51,11006000
2016-06-02,165.0,163.0,167.0,163.0,-1.0,-1,76030,56,12521420
2016-06-03,162.5,162.5,164.5,162.5,-0.5,-1,42000,36,6844500
2016-06-04,162.5,162.5,164.5,162.0,0.0,0,30015,28,4883415
2016-06-06,162.5,163.5,164.0,162.0,1.0,1,14000,11,2281500
2016-06-07,163.5,163.0,164.0,162.0,-0.5,-1,44000,40,7187500
2016-06-08,174.0,169.5,174.0,168.5,6.5,1,463312,406,79213352
2016-06-13,169.5,169.5,171.5,166.0,0.0,0,255000,195,43210000
2016-06-14,170.5,169.0,170.5,168.5,-0.5,-1,168100,133,28510450
2016-06-15,168.0,169.0,169.0,166.0,0.0,0,114100,92,19104250
2016-06-16,169.0,166.5,169.0,166.0,-2.5,-1,61061,59,10200595
2016-06-17,166.5,168.0,168.5,166.5,1.5,1,49000,48,8216000
2016-06-20,168.0,167.0,168.0,166.5,-1.0,-1,58191,44,9721279
2016-06-21,167.0,165.0,167.0,165.0,-2.0,-1,53100,48,8819200
2016-06-22,164.5,165.5,166.0,164.5,0.5,1,28001,29,4626169
2016-06-23,166.0,164.0,166.0,163.5,-1.5,-1,62008,45,10186360
2016-06-24,164.0,161.0,164.0,159.5,-3.0,-1,145100,115,23284700
2016-06-27,160.0,160.0,160.5,160.0,-1.0,-1,29000,22,4646500
2016-06-28,160.5,161.5,161.5,159.5,1.5,1,54000,43,8658000
2016-06-29,162.5,165.0,166.0,162.5,3.5,1,92086,83,15183120
2016-06-30,166.0,165.0,166.5,165.0,0.0,0,42000,38,6953500
2016-07-01,165.0,164.5,165.0,163.0,-0.5,-1,38086,32,6226830
2016-07-04,165.0,164.0,165.5,163.5,-0.5,-1,41000,33,6742500
2016-07-05,163.0,165.0,165.0,163.0,1.0,1,15565,13,2551095
2016-07-06,163.5,163.0,164.0,162.0,-2.0,-1,21000,19,3421000
2016-07-07,164.0,166.0,166.0,163.0,3.0,1,94000,73,15480500
2016-07-11,166.0,166.0,168.0,165.0,0.0,0,93000,71,15438500
2016-07-12,167.0,165.0,167.0,165.0,-1.0,-1,58328,53,9686464
2016-07-13,166.0,164.5,166.0,164.5,-0.5,-1,48061,44,7938595
2016-07-14,165.0,165.0,165.5,164.0,0.5,1,58000,51,9564500
2016-07-15,165.0,167.0,167.5,164.5,2.0,1,143000,119,23774500
2016-07-18,167.0,165.0,168.0,164.5,-2.0,-1,115000,88,19068000
2016-07-19,166.0,163.5,166.0,163.5,-1.5,-1,59104,53,9701056
2016-07-20,164.0,164.5,164.5,162.5,1.0,1,81000,73,13242500
2016-07-21,164.0,164.5,164.5,163.0,0.0,0,63000,58,10313500
2016-07-22,164.0,164.0,164.0,162.5,-0.5,-1,43000,35,7015000
2016-07-25,165.5,171.0,172.0,165.0,7.0,1,661270,453,111973074
2016-07-26,169.5,167.5,170.0,167.0,-3.5,-1,188100,145,31722349
2016-07-27,168.0,170.5,173.5,167.5,3.0,1,428000,291,73225500
2016-07-28,170.0,169.5,170.0,168.0,-1.0,-1,1298000,123,203979000
2016-07-29,170.0,170.0,170.0,167.5,0.5,1,136099,96,22984731
2016-08-01,170.0,172.5,173.5,170.0,2.5,1,376000,262,64539500
2016-08-02,176.0,176.0,180.0,176.0,3.5,1,991100,767,176533400
2016-08-03,175.0,174.5,176.0,173.5,-1.5,-1,206189,168,36038169
2016-08-04,175.0,191.5,191.5,175.0,17.0,1,2505621,1566,466622417
2016-08-05,193.5,200.0,203.5,193.0,8.5,1,2195322,1720,435640078
2016-08-08,208.0,198.0,208.0,197.5,-2.0,-1,1027351,778,207189998
2016-08-09,200.5,216.0,216.0,198.0,18.0,1,2031728,1563,421497292
2016-08-10,213.0,211.5,215.5,206.5,-4.5,-1,1297766,1054,273675860
2016-08-11,211.5,198.0,219.0,193.5,-13.5,-1,2267778,1869,464195822
2016-08-12,203.5,198.0,205.0,197.5,0.0,0,795300,684,159926900
2016-08-15,202.0,206.5,213.0,197.0,8.5,1,1523357,1238,316758970
2016-08-16,208.5,217.0,218.0,206.5,10.5,1,1652405,1377,352203085
2016-08-17,220.0,220.0,227.5,215.0,3.0,1,2672475,2154,590891900
2016-08-18,224.0,223.0,228.0,217.0,3.0,1,1675650,1386,374385350
2016-08-19,223.0,210.0,226.0,210.0,-13.0,-1,2073330,1741,447911943
2016-08-22,208.0,203.5,209.0,198.5,-6.5,-1,1604200,1361,325357000
2016-08-23,206.0,205.0,207.5,203.5,1.5,1,566200,462,116410400
2016-08-24,208.5,205.0,211.5,205.0,0.0,0,818040,609,170046360
2016-08-25,206.0,207.0,208.0,202.0,2.0,1,433318,367,89030621
2016-08-26,208.0,206.0,209.5,205.0,-1.0,-1,600000,457,123966000
2016-08-29,204.0,207.0,211.5,203.0,0.0,0,1107194,879,229840352
2016-08-30,210.0,210.0,213.5,207.0,3.0,1,960095,851,201924140
2016-08-31,210.0,206.5,211.0,205.5,-3.5,-1,763200,577,158796700
2016-09-01,207.5,199.0,210.5,197.5,-7.5,-1,1048265,869,213659000
2016-09-02,199.0,191.0,201.0,191.0,-8.0,-1,850710,725,165628870
2016-09-05,194.0,199.0,200.5,194.0,8.0,1,549660,512,108911340
2016-09-06,200.5,203.0,208.0,200.0,4.0,1,802200,710,163239600
2016-09-07,203.0,205.0,207.5,198.0,2.0,1,769000,688,156666500
2016-09-08,205.0,204.0,206.5,202.0,-1.0,-1,450000,402,92141000
2016-09-09,204.0,200.5,204.5,200.5,-3.5,-1,244025,216,49150550
2016-09-10,204.5,201.5,206.5,201.5,1.0,1,613800,526,125201400
2016-09-12,202.5,199.0,205.0,199.0,-2.5,-1,379410,319,76576384
2016-09-13,206.0,199.5,206.0,198.0,0.5,1,355215,328,71415570
2016-09-14,198.5,199.0,201.0,198.0,-0.5,-1,210000,194,41858000
2016-09-19,200.5,200.0,203.0,200.0,1.0,1,308100,292,62017700
2016-09-20,200.0,212.5,215.0,200.0,12.5,1,1740401,1427,367272512
2016-09-21,214.0,210.5,214.5,209.0,-2.0,-1,791250,615,167769125
2016-09-22,213.0,215.0,215.5,210.5,4.5,1,594350,501,126755250
2016-09-23,216.0,213.5,218.0,212.0,-1.5,-1,448140,390,96289390
2016-09-26,215.0,209.5,215.0,209.0,-4.0,-1,391155,286,82729550
2016-09-29,211.0,204.5,211.0,203.0,-5.0,-1,581100,452,119142150
2016-09-30,205.0,204.0,206.5,204.0,-0.5,-1,311100,240,63752400
2016-10-03,208.0,205.0,208.0,204.0,1.0,1,288020,240,59255080
2016-10-04,205.0,200.5,206.5,200.0,-4.5,-1,462320,412,93312180
2016-10-05,201.0,199.0,202.5,198.0,-1.5,-1,315655,280,63020690
2016-10-06,200.0,201.0,202.0,199.0,2.0,1,271200,227,54405500
2016-10-07,203.0,197.5,203.0,195.0,-3.5,-1,445350,364,88195800
2016-10-11,194.0,186.0,196.5,178.0,-11.5,-1,1148910,977,212792392
2016-10-12,186.5,187.5,189.5,183.0,1.5,1,290008,255,54242992
2016-10-13,188.5,185.0,189.5,185.0,-2.5,-1,212232,192,39531920
2016-10-14,185.0,186.0,187.0,183.5,1.0,1,330000,247,61084000
2016-10-17,184.0,180.0,185.5,178.0,-6.0,-1,400225,337,72309112
2016-10-18,178.5,180.5,183.0,178.5,0.5,1,174220,161,31510429
2016-10-19,182.5,180.5,183.0,180.5,0.0,0,112100,101,20312600
2016-10-20,182.0,180.5,183.0,180.5,0.0,0,114300,106,20744850
2016-10-21,180.0,177.5,180.0,176.0,-3.0,-1,303407,241,54015742
2016-10-24,180.5,182.0,183.0,179.0,4.5,1,237050,198,42944650
2016-10-25,184.5,180.5,184.5,180.0,-1.5,-1,118000,107,21433500
2016-10-26,181.5,178.0,182.0,178.0,-2.5,-1,127197,122,22857263
2016-10-27,179.0,179.5,181.0,179.0,1.5,1,115014,110,20658534
2016-10-28,179.5,174.5,179.5,174.5,-5.0,-1,251284,219,44139058
2016-10-31,173.5,181.5,182.0,173.0,7.0,1,307212,271,54894190
2016-11-01,180.0,182.5,182.5,178.5,1.0,1,402000,305,72451000
2016-11-02,180.5,174.5,180.5,174.5,-8.0,-1,392037,301,69279512
2016-11-03,177.5,170.5,177.5,168.5,-4.0,-1,372150,296,64014650
2016-11-04,168.0,170.0,171.5,166.5,-0.5,-1,274000,220,46302000
2016-11-07,169.5,170.0,172.0,169.0,0.0,0,220050,171,37427025
2016-11-08,171.0,167.5,171.0,165.5,-2.5,-1,172000,150,28795000
2016-11-09,169.5,169.0,176.0,168.0,1.5,1,624050,531,106800950
2016-11-10,173.5,174.5,183.0,173.0,5.5,1,482025,388,85451900
2016-11-11,174.5,172.5,176.5,172.5,-2.0,-1,173025,155,30142275
2016-11-14,174.0,171.5,174.5,168.5,-1.0,-1,112150,100,19251500
2016-11-15,171.0,170.5,172.0,170.0,-1.0,-1,74004,64,12657688
2016-11-16,171.0,171.0,172.5,170.0,0.5,1,101000,84,17291500
2016-11-17,170.5,176.0,178.0,170.5,5.0,1,210001,189,36847177
2016-11-18,175.5,179.5,182.0,175.0,3.5,1,241050,207,43319550
2016-11-21,178.5,177.5,181.0,177.5,-2.0,-1,138034,124,24738603
2016-11-22,178.0,178.5,180.5,177.5,1.0,1,156000,126,27901500
2016-11-23,180.0,176.0,180.0,175.5,-2.5,-1,120000,103,21327500
2016-11-24,176.5,176.0,178.0,176.0,0.0,0,109000,87,19254500
2016-11-25,176.0,176.0,177.5,175.0,0.0,0,68000,60,11992000
2016-11-28,176.0,175.0,176.0,175.0,-1.0,-1,66000,62,11589000
2016-11-29,174.5,175.5,177.5,174.5,0.5,1,96020,86,16911020
2016-11-30,175.5,176.0,176.5,175.0,0.5,1,106000,81,18653000
2016-12-01,177.5,175.0,177.5,175.0,-1.0,-1,67000,58,11809500
2016-12-02,175.0,174.0,175.0,174.0,-1.0,-1,50000,49,8729500
2016-12-05,174.0,178.5,179.5,173.5,4.5,1,131000,113,23233000
2016-12-06,178.5,180.0,180.0,177.0,1.5,1,120051,98,21467680
2016-12-07,180.0,178.0,180.0,177.5,-2.0,-1,89010,77,15899280
2016-12-08,179.0,178.5,180.0,178.0,0.5,1,153000,117,27358500
2016-12-09,178.5,176.5,179.5,176.5,-2.0,-1,110275,76,19600537
2016-12-12,184.5,183.0,188.5,182.5,6.5,1,866100,553,157149350
2016-12-13,183.0,183.0,186.0,181.5,0.0,0,171000,151,31389500
2016-12-14,185.0,181.0,185.0,181.0,-2.0,-1,148020,128,27002200
2016-12-15,181.0,179.5,181.5,178.0,-1.5,-1,127000,112,22778500
2016-12-16,180.5,178.0,181.0,177.5,-1.5,-1,105000,89,18731500
2016-12-19,177.5,179.0,181.5,177.0,1.0,1,159000,137,28499000
2016-12-20,178.5,179.0,180.0,177.5,0.0,0,85054,72,15188328
2016-12-21,179.0,179.5,179.5,178.5,0.5,1,70000,64,12538000
2016-12-22,180.0,177.5,180.0,177.5,-2.0,-1,79035,67,14097317
2016-12-23,177.5,177.0,178.0,177.0,-0.5,-1,25000,23,4438000
2016-12-26,177.0,176.5,177.0,176.5,-0.5,-1,44000,35,7784000
2016-12-27,177.0,176.5,177.0,176.5,0.0,0,41030,32,7250765
2016-12-28,176.5,180.5,181.0,176.5,4.0,1,91300,85,16337500
2016-12-29,182.0,185.0,185.5,181.0,4.5,1,272115,245,49870275
2016-12-30,186.0,185.0,186.0,183.5,0.0,0,110100,94,20326849
2017-01-03,185.0,188.0,188.0,184.0,3.0,1,239034,181,44633841
2017-01-04,188.0,187.0,188.0,186.0,-1.0,-1,133085,116,24861395
2017-01-05,187.5,185.0,188.0,184.0,-2.0,-1,137168,102,25447416
2017-01-06,184.0,185.0,186.5,184.0,0.0,0,161000,101,29890500
2017-01-09,187.0,193.5,198.5,187.0,8.5,1,711252,605,137841262
2017-01-10,196.0,190.5,196.0,190.0,-3.0,-1,288014,243,55472160
2017-01-11,190.5,189.5,192.0,189.0,-1.0,-1,134050,122,25488925
2017-01-12,189.5,187.5,190.0,187.5,-2.0,-1,185100,148,34916100
2017-01-13,187.5,183.0,187.5,183.0,-4.5,-1,265052,209,48963016
2017-01-16,185.0,184.0,185.5,184.0,1.0,1,62150,58,11491100
2017-01-17,184.0,186.0,188.0,184.0,2.0,1,120050,106,22379250
2017-01-18,186.0,188.0,188.0,184.5,2.0,1,134114,129,25049374
2017-01-19,188.0,184.0,188.0,184.0,-4.0,-1,161594,138,29930608
2017-01-20,183.5,184.5,186.0,183.5,0.5,1,40000,38,7390000
2017-01-23,185.5,184.5,185.5,184.0,0.0,0,62061,54,11453663
2017-01-24,185.0,185.5,186.0,184.5,1.0,1,93150,89,17241100
2017-02-02,185.5,181.0,185.5,179.0,-4.5,-1,224028,199,40552582
2017-02-03,182.5,184.0,184.5,182.0,3.0,1,94020,85,17232660
2017-02-06,184.0,181.0,184.5,180.0,-3.0,-1,172080,131,31206060
2017-02-07,181.5,181.0,182.0,180.5,0.0,0,57292,54,10389290
2017-02-08,181.5,182.5,182.5,181.5,1.5,1,94000,84,17105500
2017-02-09,181.5,182.5,183.0,181.5,0.0,0,88799,81,16194119
2017-02-10,188.0,182.0,194.0,182.0,-0.5,-1,806026,661,151842784
2017-02-13,183.5,184.5,186.0,182.0,2.5,1,252125,230,46408500
2017-02-14,185.5,189.5,192.5,185.0,5.0,1,458836,426,86571168
2017-02-15,191.5,189.0,192.0,187.0,-0.5,-1,263000,208,49842500
2017-02-16,191.0,187.5,191.0,187.0,-1.5,-1,129000,116,24269500
