date,OP,CP,HP,LP,DF,RD,TV,TC,TO
2016-05-18,32.0,32.15,32.5,32.0,0.0,0,256085,158,8244504
2016-05-19,32.15,31.8,32.3,31.6,-0.35,-1,100542,79,3205926
2016-05-20,31.9,31.6,31.9,31.55,-0.2,-1,53000,42,1678150
2016-05-23,31.95,31.85,32.0,31.5,0.25,1,85248,71,2709835
2016-05-24,32.0,31.9,32.0,31.65,0.05,1,56039,48,1782081
2016-05-25,31.9,31.8,32.0,31.7,-0.1,-1,83045,59,2646824
2016-05-26,31.8,31.8,32.0,31.8,0.0,0,41511,35,1323547
2016-05-27,31.8,31.95,32.0,31.75,0.15,1,36853,28,1175173
2016-05-30,32.0,32.2,32.3,31.95,0.25,1,105240,73,3380230
2016-05-31,32.4,32.1,32.4,31.65,-0.1,-1,46005,32,1471259
2016-06-01,32.25,32.0,32.3,31.9,-0.1,-1,44362,37,1421164
2016-06-02,31.9,31.8,32.0,31.65,-0.2,-1,42089,34,1338689
2016-06-03,31.8,32.0,32.1,31.8,0.2,1,33320,25,1062940
2016-06-04,32.0,32.0,32.1,31.85,0.0,0,29000,15,925300
2016-06-06,32.0,32.0,32.0,31.8,0.0,0,39248,32,1252835
2016-06-07,32.1,32.0,32.1,31.8,0.0,0,62166,46,1983112
2016-06-08,32.0,31.95,32.0,31.85,-0.05,-1,57490,42,1833728
2016-06-13,31.65,31.1,31.7,31.05,-0.85,-1,70792,55,2221779
2016-06-14,30.9,31.25,31.35,30.9,0.15,1,98064,58,3052046
2016-06-15,31.45,31.3,31.45,30.9,0.05,1,83061,60,2580467
2016-06-16,31.4,31.3,31.4,30.9,0.0,0,34339,33,1066942
2016-06-17,31.35,31.25,31.35,30.95,-0.05,-1,83246,61,2586154
2016-06-20,31.25,31.2,31.3,31.1,-0.05,-1,15000,13,467950
2016-06-21,31.2,31.3,31.35,31.2,0.1,1,67404,45,2106474
2016-06-22,31.3,31.4,31.55,31.25,0.1,1,101090,70,3173408
2016-06-23,31.4,31.4,31.45,31.2,0.0,0,38060,29,1191384
2016-06-24,31.4,30.85,31.45,30.7,-0.55,-1,152150,104,4721904
2016-06-27,30.85,31.0,31.0,30.7,0.15,1,41776,35,1291800
2016-06-28,31.0,31.1,31.2,30.9,0.1,1,38262,37,1186594
2016-06-29,31.2,31.2,31.3,31.05,0.1,1,84064,53,2620466
2016-06-30,31.25,31.3,31.3,31.2,0.1,1,40304,37,1258633
2016-07-01,31.4,31.65,31.7,31.4,0.35,1,94132,71,2966727
2016-07-04,31.75,32.1,32.15,31.75,0.45,1,181178,128,5790499
2016-07-05,32.15,32.15,32.2,31.95,0.05,1,69426,55,2226482
2016-07-06,32.0,32.1,32.1,31.8,-0.05,-1,45962,36,1468729
2016-07-07,32.15,32.0,32.15,31.9,-0.1,-1,68720,40,2196240
2016-07-11,32.0,31.95,32.0,31.85,-0.05,-1,90395,63,2886940
2016-07-12,31.95,32.15,32.45,31.9,0.2,1,260136,143,8363099
2016-07-13,32.3,32.35,32.5,32.2,0.2,1,215080,148,6960412
2016-07-14,32.45,32.55,32.6,32.4,0.2,1,343969,230,11159792
2016-07-15,32.55,32.8,33.0,32.5,0.25,1,778500,536,25483542
2016-07-18,30.0,29.85,30.0,29.5,0.0,0,366140,287,10902250
2016-07-19,29.85,29.85,29.95,29.7,0.0,0,176730,111,5268426
2016-07-20,29.9,29.85,30.0,29.7,0.0,0,124330,82,3710317
2016-07-21,29.85,29.9,29.9,29.8,0.05,1,153090,97,4569490
2016-07-22,29.9,29.75,29.9,29.75,-0.15,-1,58000,46,1729000
2016-07-25,29.75,29.3,29.8,29.3,-0.45,-1,230645,163,6801607
2016-07-26,29.25,29.15,29.3,29.1,-0.15,-1,106412,75,3103001
2016-07-27,29.4,29.3,29.5,29.2,0.15,1,101588,58,2974327
2016-07-28,29.4,29.45,29.45,29.25,0.15,1,82038,47,2405778
2016-07-29,29.45,29.5,29.5,29.35,0.05,1,90153,49,2649863
2016-08-01,29.5,29.55,29.55,29.4,0.05,1,57573,45,1697353
2016-08-02,29.55,29.5,29.55,29.25,-0.05,-1,102500,58,3013999
2016-08-03,29.5,29.85,29.85,29.4,0.35,1,152800,80,4525860
2016-08-04,29.95,30.0,30.0,29.85,0.15,1,93172,74,2787528
2016-08-05,30.0,29.85,30.15,29.85,-0.15,-1,92532,71,2774378
2016-08-08,29.95,30.0,30.0,29.9,0.15,1,63365,42,1896522
2016-08-09,30.0,30.0,30.1,29.9,0.0,0,68437,50,2053193
2016-08-10,29.85,30.1,30.15,29.85,0.1,1,99300,60,2984720
2016-08-11,30.2,30.3,30.6,30.15,0.2,1,169405,109,5143090
2016-08-12,30.6,30.45,30.6,30.3,0.15,1,109282,68,3323864
2016-08-15,30.1,30.2,30.2,29.8,-0.25,-1,201421,134,6027134
2016-08-16,30.3,30.45,30.45,30.3,0.25,1,183940,101,5587332
2016-08-17,30.45,30.45,30.7,30.35,0.0,0,106156,75,3238662
2016-08-18,30.5,30.5,30.55,30.3,0.05,1,77050,46,2345879
2016-08-19,30.5,30.3,30.6,30.25,-0.2,-1,93247,47,2837207
2016-08-22,30.15,30.0,30.2,29.75,-0.3,-1,137672,94,4118710
2016-08-23,30.0,30.35,30.45,29.9,0.35,1,125750,67,3793137
2016-08-24,30.35,30.2,30.35,29.9,-0.15,-1,82366,137,2473745
2016-08-25,30.2,30.1,30.2,29.85,-0.1,-1,61681,88,1852641
2016-08-26,30.1,30.05,30.15,30.05,-0.05,-1,59362,56,1786711
2016-08-29,30.05,30.1,30.1,30.0,0.05,1,110090,87,3310149
2016-08-30,30.1,30.2,30.25,30.05,0.1,1,115934,66,3498699
2016-08-31,30.1,30.2,30.3,30.1,0.0,0,86481,54,2607624
2016-09-01,30.3,30.2,30.3,30.0,0.0,0,43362,41,1306030
2016-09-02,30.2,30.15,30.3,30.0,-0.05,-1,64796,48,1949636
2016-09-05,30.15,30.1,30.2,30.0,-0.05,-1,32494,37,977981
2016-09-06,30.2,30.2,30.2,30.0,0.1,1,50024,53,1505470
2016-09-07,30.2,30.2,30.25,30.1,0.0,0,70811,61,2136341
2016-09-08,30.2,30.3,30.3,30.0,0.1,1,96041,59,2899287
2016-09-09,30.2,30.15,30.2,29.9,-0.15,-1,101805,60,3055478
2016-09-10,29.8,30.1,30.1,29.8,-0.05,-1,44150,38,1323065
2016-09-12,30.0,30.1,30.25,29.9,0.0,0,36124,28,1085794
2016-09-13,30.1,30.1,30.3,29.75,0.0,0,85155,68,2547365
2016-09-14,30.0,30.0,30.0,29.75,-0.1,-1,54700,44,1633660
2016-09-19,30.2,30.2,30.2,30.1,0.2,1,88153,60,2660284
2016-09-20,30.3,30.1,30.4,30.0,-0.1,-1,38829,33,1172965
2016-09-21,30.35,30.3,30.35,30.1,0.2,1,33562,44,1014474
2016-09-22,30.3,30.3,30.3,30.1,0.0,0,41970,37,1266487
2016-09-23,30.3,30.1,30.45,30.1,-0.2,-1,44613,33,1348850
2016-09-26,30.1,30.15,30.3,30.0,0.05,1,36544,32,1099899
2016-09-29,30.3,30.15,30.3,30.1,0.0,0,31564,37,951978
2016-09-30,30.25,30.15,30.25,30.15,0.0,0,33676,29,1016865
2016-10-03,30.2,30.1,30.2,30.0,-0.05,-1,44180,43,1328666
2016-10-04,30.0,30.45,30.5,29.9,0.35,1,152393,93,4606856
2016-10-05,30.5,30.2,30.5,30.15,-0.25,-1,87160,55,2645014
2016-10-06,30.4,30.25,30.4,30.05,0.05,1,59490,50,1794822
2016-10-07,30.3,30.25,30.3,30.0,0.0,0,47690,40,1435922
2016-10-11,30.15,30.05,30.45,29.8,-0.2,-1,77857,68,2330894
2016-10-12,30.05,30.05,30.05,29.85,0.0,0,58543,33,1753242
2016-10-13,29.7,29.8,29.95,29.7,-0.25,-1,70330,62,2093850
2016-10-14,29.6,29.6,29.7,29.4,-0.2,-1,124971,94,3689389
2016-10-17,29.6,29.7,29.7,29.45,0.1,1,25020,19,739744
2016-10-18,29.6,29.8,29.8,29.5,0.1,1,60000,42,1776750
2016-10-19,29.8,29.8,29.85,29.6,0.0,0,43316,36,1288081
2016-10-20,29.85,29.7,29.85,29.5,-0.1,-1,68412,66,2022835
2016-10-21,29.7,29.7,29.8,29.45,0.0,0,69791,54,2069041
2016-10-24,29.8,29.8,29.85,29.6,0.1,1,44080,38,1310792
2016-10-25,29.8,29.7,29.9,29.7,-0.1,-1,53301,37,1589098
2016-10-26,29.7,29.8,29.9,29.7,0.1,1,35224,26,1048620
2016-10-27,29.9,29.7,29.9,29.45,-0.1,-1,76404,62,2259820
2016-10-28,29.7,29.7,29.9,29.55,0.0,0,32060,21,950837
2016-10-31,29.8,29.8,29.85,29.7,0.1,1,51304,36,1527957
2016-11-01,29.7,29.65,29.7,29.5,-0.15,-1,66020,55,1950746
2016-11-02,29.65,29.55,29.65,29.4,-0.1,-1,39931,42,1178308
2016-11-03,29.55,29.35,29.55,29.1,-0.2,-1,102319,86,2993558
2016-11-04,29.15,29.25,29.35,29.1,-0.1,-1,81980,58,2393365
2016-11-07,29.35,29.45,29.5,29.35,0.2,1,42189,33,1239813
2016-11-08,29.45,29.45,29.45,29.3,0.0,0,36655,29,1076338
2016-11-09,29.6,29.05,29.6,28.8,-0.4,-1,126002,92,3660458
2016-11-10,29.4,29.5,29.5,29.2,0.45,1,60894,56,1787975
2016-11-11,29.2,29.15,29.2,28.7,-0.35,-1,117109,85,3383927
2016-11-14,28.75,28.8,29.0,28.2,-0.35,-1,76137,60,2185101
2016-11-15,28.8,28.8,28.9,28.75,0.0,0,47364,36,1364306
2016-11-16,28.8,28.9,29.0,28.75,0.1,1,63548,51,1832076
2016-11-17,29.0,29.1,29.1,28.95,0.2,1,55136,43,1599720
2016-11-18,28.6,28.9,29.15,28.6,-0.2,-1,63250,44,1825524
2016-11-21,29.0,29.0,29.1,28.9,0.1,1,41902,41,1213458
2016-11-22,29.1,29.0,29.15,29.0,0.0,0,31620,29,918430
2016-11-23,29.2,29.1,29.2,28.95,0.1,1,26892,32,780850
2016-11-24,29.1,29.0,29.1,28.7,-0.1,-1,35131,30,1014255
2016-11-25,29.0,29.0,29.1,28.8,0.0,0,44394,32,1286076
2016-11-28,29.0,28.7,29.1,28.6,-0.3,-1,110019,90,3164851
2016-11-29,28.65,29.0,29.0,28.65,0.3,1,76378,46,2193485
2016-11-30,28.95,29.0,29.05,28.9,0.0,0,27431,25,795112
2016-12-01,29.0,29.0,29.0,28.7,0.0,0,57596,44,1660201
2016-12-02,28.8,28.85,28.95,28.75,-0.15,-1,63732,54,1836016
2016-12-05,28.85,28.85,28.9,28.7,0.0,0,41160,38,1184790
2016-12-06,28.95,28.9,28.95,28.8,0.05,1,45271,34,1306859
2016-12-07,28.95,29.05,29.05,28.9,0.15,1,65140,47,1886272
2016-12-08,29.05,29.0,29.15,28.9,-0.05,-1,118360,67,3432126
2016-12-09,29.0,29.05,29.1,28.95,0.05,1,66304,36,1924016
2016-12-12,29.05,29.1,29.25,29.0,0.05,1,76669,58,2231884
2016-12-13,29.1,29.1,29.1,28.9,0.0,0,50361,40,1460205
2016-12-14,29.1,29.0,29.1,28.8,-0.1,-1,53800,47,1556000
2016-12-15,29.0,29.0,29.0,28.8,0.0,0,38023,29,1098017
2016-12-16,28.85,28.85,29.0,28.8,-0.15,-1,47089,37,1362376
2016-12-19,28.85,28.95,29.0,28.7,0.1,1,32182,31,928228
2016-12-20,28.95,29.0,29.0,28.8,0.05,1,43317,33,1251343
2016-12-21,29.0,29.0,29.0,28.9,0.0,0,19300,23,559180
2016-12-22,29.0,29.0,29.0,28.75,0.0,0,43888,40,1265690
2016-12-23,28.75,28.9,29.0,28.75,-0.1,-1,36080,33,1038720
2016-12-26,28.9,28.85,28.9,28.7,-0.05,-1,29386,29,845585
2016-12-27,28.9,28.85,28.9,28.6,0.0,0,65000,48,1866100
2016-12-28,28.9,28.8,28.9,28.6,-0.05,-1,80538,53,2315096
2016-12-29,28.85,28.85,28.85,28.6,0.05,1,41699,44,1196112
2016-12-30,28.7,28.85,28.85,28.65,0.0,0,17162,19,494171
2017-01-03,28.85,28.8,28.9,28.75,-0.05,-1,47519,36,1369822
2017-01-04,28.9,29.0,29.0,28.75,0.2,1,41389,35,1196608
2017-01-05,28.9,29.05,29.15,28.9,0.05,1,105978,88,3077558
2017-01-06,29.1,29.75,29.9,29.1,0.7,1,333642,212,9887151
2017-01-09,29.75,29.6,29.8,29.5,-0.15,-1,104166,58,3087821
2017-01-10,29.6,29.5,29.6,29.3,-0.1,-1,88040,43,2590473
2017-01-11,29.2,29.5,29.5,29.2,0.0,0,53850,44,1579637
2017-01-12,29.5,29.4,29.5,29.2,-0.1,-1,39725,40,1165576
2017-01-13,29.3,29.35,29.35,29.2,-0.05,-1,40584,27,1188086
2017-01-16,29.35,29.15,29.35,29.15,-0.2,-1,46121,37,1347382
2017-01-17,29.15,29.35,29.4,29.1,0.2,1,58221,35,1702947
2017-01-18,29.25,29.3,29.3,29.1,-0.05,-1,48458,35,1415417
2017-01-19,29.3,29.3,29.3,29.1,0.0,0,47739,33,1396708
2017-01-20,29.3,29.3,29.3,29.15,0.0,0,37000,20,1080650
2017-01-23,29.3,29.2,29.3,29.1,-0.1,-1,81506,52,2375948
2017-01-24,29.1,29.2,29.2,29.1,0.0,0,63798,33,1859319
2017-02-02,29.2,29.15,29.2,29.1,-0.05,-1,59453,37,1733476
2017-02-03,29.15,29.4,29.4,29.15,0.25,1,85521,62,2505365
2017-02-06,29.4,29.5,29.8,29.4,0.1,1,123337,89,3644924
2017-02-07,29.5,29.7,29.75,29.5,0.2,1,113578,58,3365479
2017-02-08,29.7,29.75,29.75,29.6,0.05,1,120320,66,3572868
2017-02-09,29.8,29.75,29.8,29.7,0.0,0,123016,77,3659024
2017-02-10,29.65,29.7,29.75,29.65,-0.05,-1,56803,44,1687646
2017-02-13,29.8,29.95,30.15,29.75,0.25,1,274960,152,8243050
2017-02-14,30.05,30.05,30.2,30.0,0.1,1,177372,122,5341371
2017-02-15,30.3,30.55,30.7,30.1,0.5,1,245119,145,7464831
2017-02-16,30.5,30.2,30.7,30.2,-0.35,-1,80679,68,2447686
2017-02-17,30.5,30.3,30.5,30.15,0.1,1,66965,51,2025240
2017-02-18,30.5,30.5,30.6,30.3,0.2,1,102743,60,3131060
2017-02-20,30.5,30.55,30.8,30.4,0.05,1,196001,89,5995080
2017-02-21,30.55,30.4,30.55,30.3,-0.15,-1,116194,59,3526596
2017-02-22,30.45,30.5,30.5,30.25,0.1,1,29721,32,903390
2017-02-23,30.6,30.4,30.6,30.15,-0.1,-1,65790,45,1995213
2017-02-24,30.4,30.35,30.6,30.3,-0.05,-1,78280,45,2378305
2017-03-01,30.5,30.5,30.55,30.35,0.15,1,74795,59,2276846
2017-03-02,30.5,30.5,30.6,30.3,0.0,0,53080,46,1615839
2017-03-03,30.5,30.5,30.55,30.3,0.0,0,46535,40,1413717
2017-03-06,30.6,30.35,30.7,30.3,-0.15,-1,58824,52,1790379
2017-03-07,30.5,30.5,30.5,30.35,0.15,1,38402,31,1167811
2017-03-08,30.4,30.55,30.6,30.35,0.05,1,92463,59,2820544
2017-03-09,30.5,30.4,30.5,30.4,-0.15,-1,53612,42,1631102
2017-03-10,30.5,30.35,30.5,30.25,-0.05,-1,86448,52,2617658
2017-03-13,30.6,31.25,31.9,30.6,0.9,1,420550,271,13207259
2017-03-14,31.65,31.35,31.65,31.15,0.1,1,242428,173,7620764
2017-03-15,31.4,31.5,31.5,31.25,0.15,1,103639,72,3253000
2017-03-16,31.7,31.6,31.85,31.4,0.1,1,164999,111,5211314
2017-03-17,32.55,32.6,32.85,32.3,1.0,1,723645,436,23545795
2017-03-20,32.8,33.3,33.4,32.8,0.7,1,628325,409,20828364
2017-03-21,33.45,33.3,33.45,33.0,0.0,0,401327,202,13323370
2017-03-22,33.0,33.35,33.4,32.8,0.05,1,181194,132,6002667
2017-03-23,33.5,33.5,33.6,33.35,0.15,1,264174,171,8852292
2017-03-24,33.6,33.5,33.8,33.45,0.0,0,304676,165,10232294
2017-03-27,33.5,33.3,33.7,33.2,-0.2,-1,133670,102,4466740
2017-03-28,33.3,32.8,33.4,32.2,-0.5,-1,302929,194,9938483
2017-03-29,32.8,33.75,33.95,32.8,0.95,1,622400,399,20911846
2017-03-30,33.65,33.35,33.65,33.25,-0.4,-1,170800,122,5701779
2017-03-31,33.05,33.1,33.3,32.9,-0.25,-1,134466,109,4443921
2017-04-05,33.1,33.1,33.2,32.7,0.0,0,190381,128,6275273
2017-04-06,33.1,32.85,33.1,32.7,-0.25,-1,207679,134,6810948
2017-04-07,32.7,32.75,32.85,32.5,-0.1,-1,125171,96,4086972
2017-04-10,32.75,33.0,33.0,32.75,0.25,1,128568,75,4225285
2017-04-11,33.2,33.1,33.65,33.0,0.1,1,233277,167,7770087
2017-04-12,33.0,33.05,33.1,32.75,-0.05,-1,149251,89,4911444
2017-04-13,33.0,32.95,33.1,32.85,-0.1,-1,58481,48,1925423
2017-04-14,32.9,32.4,32.9,32.3,-0.55,-1,157815,121,5150401
2017-04-17,32.2,32.35,32.35,31.8,-0.05,-1,170873,115,5466502
2017-04-18,32.3,32.4,32.5,32.2,0.05,1,38593,34,1246561
2017-04-19,32.7,32.1,32.7,32.1,-0.3,-1,29680,29,959480
2017-04-20,32.0,32.15,32.25,31.95,0.05,1,44380,35,1423910
2017-04-21,32.3,32.3,32.5,32.2,0.15,1,49381,37,1595156
2017-04-24,32.3,32.3,32.35,32.0,0.0,0,71300,56,2290139
2017-04-25,32.5,32.5,32.55,32.4,0.2,1,82220,51,2667844
2017-04-26,32.7,32.55,32.8,32.5,0.05,1,182282,84,5937679
