date,OP,CP,HP,LP,DF,RD,TV,TC,TO
2016-10-18,183.0,181.0,188.0,179.0,0.0,0,3141762,2472,575556065
2016-10-19,182.5,184.0,187.5,182.0,3.0,1,1666750,1311,308292250
2016-10-20,186.0,181.0,186.5,180.5,-3.0,-1,805908,673,147183164
2016-10-21,181.0,183.0,185.0,180.5,2.0,1,556948,462,101977484
2016-10-24,182.5,172.0,183.0,168.0,-11.0,-1,1376300,1111,236716200
2016-10-25,170.0,165.0,171.0,163.0,-7.0,-1,1056408,817,174815339
2016-10-26,164.5,165.5,167.0,162.5,0.5,1,502184,443,82771044
2016-10-27,163.5,160.5,165.0,158.0,-5.0,-1,733500,616,117735500
2016-10-28,159.0,157.0,160.0,155.5,-3.5,-1,799510,576,125516832
2016-10-31,157.0,163.0,163.0,157.0,6.0,1,516200,366,82967100
2016-11-01,163.5,163.0,164.5,160.5,0.0,0,319200,231,51951800
2016-11-02,162.0,156.0,162.0,155.0,-7.0,-1,566100,507,88783500
2016-11-03,156.0,147.0,156.5,146.0,-9.0,-1,560800,408,83782400
2016-11-04,147.0,145.0,150.0,142.0,-2.0,-1,306100,241,44173148
2016-11-07,150.0,155.0,157.0,149.0,10.0,1,720750,617,110289250
2016-11-08,155.0,155.5,156.5,153.5,0.5,1,527600,435,81607600
2016-11-09,154.0,145.0,155.5,143.0,-10.5,-1,605225,485,89804186
2016-11-10,148.5,149.0,151.5,145.0,4.0,1,341516,286,50429206
2016-11-11,147.0,142.0,147.0,140.5,-7.0,-1,357249,283,50957854
2016-11-14,140.0,139.5,142.5,134.5,-2.5,-1,366110,330,50495730
2016-11-15,139.5,143.0,143.5,139.0,3.5,1,151110,136,21481505
2016-11-16,144.0,143.0,145.5,143.0,0.0,0,106300,100,15338200
2016-11-17,145.0,144.5,145.0,143.5,1.5,1,77090,72,11113595
2016-11-18,144.5,143.5,144.5,142.0,-1.0,-1,104000,91,14904000
2016-11-21,143.5,142.5,144.0,142.5,-1.0,-1,77100,74,11052900
2016-11-22,137.5,141.0,142.5,137.5,-1.5,-1,94200,88,13266800
2016-11-23,141.0,140.0,143.0,138.5,-1.0,-1,151483,121,21227586
2016-11-24,141.0,140.5,143.5,140.5,0.5,1,83303,80,11773026
2016-11-25,140.5,140.5,141.5,139.5,0.0,0,64567,64,9047730
2016-11-28,141.5,154.5,154.5,141.5,14.0,1,797598,588,119854391
2016-11-29,154.5,151.5,154.5,149.5,-3.0,-1,331640,295,50368957
2016-11-30,152.0,155.0,156.0,152.0,3.5,1,308500,289,47602000
2016-12-01,155.0,154.5,156.0,151.0,-0.5,-1,179060,154,27500800
2016-12-02,152.5,153.0,153.0,150.5,-1.5,-1,84120,83,12769920
2016-12-05,153.0,150.0,154.0,149.5,-3.0,-1,130700,119,19729700
2016-12-06,152.0,150.0,152.0,149.0,0.0,0,78100,72,11737750
2016-12-07,151.5,150.0,151.5,149.0,0.0,0,71200,65,10681100
2016-12-08,151.0,149.5,151.5,149.5,-0.5,-1,82070,80,12328570
2016-12-09,151.0,152.5,153.5,150.0,3.0,1,199121,159,30211513
2016-12-12,154.0,151.0,154.0,150.5,-1.5,-1,118100,93,17945100
2016-12-13,150.0,150.0,152.0,150.0,-1.0,-1,74000,62,11140500
2016-12-14,151.0,151.5,152.0,149.5,1.5,1,108050,91,16289600
2016-12-15,151.5,149.5,152.0,149.0,-2.0,-1,86235,80,12916250
2016-12-16,151.0,149.5,151.5,149.0,0.0,0,95500,91,14316500
2016-12-19,150.5,150.5,151.0,150.0,1.0,1,91100,82,13691550
2016-12-20,150.5,150.5,151.5,149.5,0.0,0,77230,73,11604115
2016-12-21,151.0,151.0,151.5,150.0,0.5,1,96000,87,14482500
2016-12-22,151.0,146.0,151.0,145.0,-5.0,-1,205545,178,30356070
2016-12-23,145.0,142.0,145.5,140.0,-4.0,-1,361300,271,51634749
2016-12-26,142.5,142.0,143.0,142.0,0.0,0,45869,38,6544826
2016-12-27,143.0,142.5,143.0,139.0,0.5,1,86250,74,12155250
2016-12-28,141.5,142.0,142.0,140.0,-0.5,-1,104250,81,14703750
2016-12-29,142.5,144.0,144.0,142.0,2.0,1,66155,66,9454820
2016-12-30,144.0,144.0,146.5,144.0,0.0,0,89010,81,12931940
2017-01-03,144.0,145.5,146.5,144.0,1.5,1,45145,46,6572097
2017-01-04,145.5,143.5,145.5,143.5,-2.0,-1,43120,43,6236900
2017-01-05,143.5,143.0,144.0,143.0,-0.5,-1,32250,34,4624374
2017-01-06,144.0,142.0,144.0,141.5,-1.0,-1,97008,88,13819148
2017-01-09,143.0,140.0,143.0,139.5,-2.0,-1,112541,105,15794240
2017-01-10,140.0,139.5,141.0,138.5,-0.5,-1,109250,103,15231875
2017-01-11,140.5,138.0,140.5,138.0,-1.5,-1,84008,78,11651628
2017-01-12,138.0,136.5,138.5,136.0,-1.5,-1,183650,167,25206550
2017-01-13,135.5,136.0,136.0,135.0,-0.5,-1,128620,129,17439820
2017-01-16,137.5,140.0,140.5,137.5,4.0,1,106500,105,14799500
2017-01-17,140.5,139.0,141.5,139.0,-1.0,-1,65100,52,9134900
2017-01-18,140.0,138.5,140.0,137.0,-0.5,-1,62180,63,8641520
2017-01-19,138.0,137.0,138.0,137.0,-1.5,-1,40000,31,5508000
2017-01-20,140.0,138.5,140.0,137.5,1.5,1,31500,31,4354000
2017-01-23,139.0,137.5,139.0,137.0,-1.0,-1,44845,37,6167145
2017-01-24,137.5,137.0,138.0,135.0,-0.5,-1,111493,91,15180041
2017-02-02,138.5,136.5,138.5,135.0,-0.5,-1,100153,86,13665884
2017-02-03,135.5,136.0,137.5,135.0,-0.5,-1,125000,76,17030500
2017-02-06,136.0,139.5,140.0,136.0,3.5,1,116400,111,16106200
2017-02-07,138.0,139.5,140.0,138.0,0.0,0,57107,55,7948532
2017-02-08,139.5,138.5,139.5,138.5,-1.0,-1,63105,52,8780647
2017-02-09,139.0,140.5,142.0,139.0,2.0,1,117650,106,16509000
2017-02-10,142.5,151.0,154.5,142.5,10.5,1,653990,560,97433000
2017-02-13,149.0,148.5,150.0,145.5,-2.5,-1,234836,227,34634646
2017-02-14,150.0,148.5,150.0,146.0,0.0,0,133301,119,19755696
2017-02-15,149.0,151.5,153.0,149.0,3.0,1,270170,227,40901670
2017-02-16,151.5,152.5,153.0,150.5,1.0,1,186000,162,28257500
2017-02-17,153.0,150.5,153.0,150.5,-2.0,-1,97295,80,14713250
2017-02-18,151.0,148.5,151.0,148.5,-2.0,-1,89000,81,13245500
2017-02-20,147.0,148.5,149.0,147.0,0.0,0,38000,32,5635500
2017-02-21,148.0,151.0,153.5,148.0,2.5,1,230511,209,34908672
2017-02-22,151.0,151.5,152.0,150.5,0.5,1,111764,108,16937600
2017-02-23,152.0,160.0,163.5,152.0,8.5,1,754801,645,120040660
2017-02-24,160.0,159.0,163.0,157.0,-1.0,-1,464319,352,74448221
2017-03-01,159.5,157.5,160.0,156.5,-1.5,-1,145200,117,22953800
2017-03-02,158.5,160.0,160.5,158.0,2.5,1,325450,247,51759273
2017-03-03,160.0,161.0,161.0,158.5,1.0,1,211517,170,33856476
2017-03-06,161.0,160.5,161.0,158.0,-0.5,-1,122098,84,19494630
2017-03-07,160.0,160.0,160.5,160.0,-0.5,-1,54000,48,8643500
2017-03-08,160.0,160.5,160.5,158.5,0.5,1,195200,113,31175000
2017-03-09,160.0,161.0,161.0,158.0,0.5,1,214010,148,34141600
2017-03-10,161.0,160.0,161.0,159.5,-1.0,-1,187000,122,29913000
2017-03-13,160.0,165.5,168.0,160.0,5.5,1,277325,263,45742625
2017-03-14,165.5,165.0,165.5,162.5,-0.5,-1,134900,111,22073500
2017-03-15,165.0,164.0,167.5,163.5,-1.0,-1,160603,142,26559789
2017-03-16,165.5,165.5,166.0,165.0,1.5,1,149400,105,24735500
2017-03-17,165.5,165.5,166.5,165.5,0.0,0,111200,78,18429400
2017-03-20,167.0,163.5,167.0,163.5,-2.0,-1,81501,57,13465411
2017-03-21,163.0,162.0,163.5,161.0,-1.5,-1,124510,108,20164620
2017-03-22,161.5,165.5,165.5,161.0,3.5,1,148350,115,24354924
2017-03-23,166.0,169.0,170.0,166.0,3.5,1,383849,310,64730481
2017-03-24,170.0,168.5,172.0,168.0,-0.5,-1,179575,149,30565811
2017-03-27,168.5,165.5,168.5,165.0,-3.0,-1,113350,102,18813250
2017-03-28,165.5,166.0,167.0,164.0,0.5,1,156110,117,25828260
2017-03-29,166.5,165.5,166.5,165.5,-0.5,-1,37001,37,6139666
2017-03-30,165.0,165.5,166.5,165.0,0.0,0,47200,41,7819100
2017-03-31,170.0,171.0,174.5,168.0,5.5,1,478050,389,81601475
2017-04-05,172.0,168.5,172.0,168.0,-2.5,-1,85384,85,14509203
2017-04-06,169.0,169.5,170.5,169.0,1.0,1,80020,77,13593890
2017-04-07,169.5,170.0,172.0,167.0,0.5,1,197360,138,33373840
2017-04-10,172.0,171.5,174.0,168.0,1.5,1,257600,193,44099800
2017-04-11,171.0,165.0,172.0,165.0,-6.5,-1,288628,217,48825620
2017-04-12,169.0,168.0,169.0,165.0,3.0,1,143000,131,23858500
2017-04-13,169.0,166.0,169.0,165.5,-2.0,-1,84003,78,13992498
2017-04-14,165.5,165.5,166.5,165.0,-0.5,-1,153300,106,25380349
2017-04-17,165.5,166.0,166.5,164.5,0.5,1,95100,81,15735449
2017-04-18,166.0,165.5,166.5,165.0,-0.5,-1,106000,82,17571000
2017-04-19,163.5,166.5,169.5,162.5,1.0,1,157101,137,26069816
2017-04-20,166.0,165.5,166.0,164.5,-1.0,-1,74250,69,12264000
2017-04-21,166.5,166.5,167.0,166.5,1.0,1,20002,19,3330832
2017-04-24,169.0,165.5,169.0,163.5,-1.0,-1,164039,111,27143915
2017-04-25,166.0,166.0,166.5,165.5,0.5,1,72065,52,11959691
2017-04-26,166.0,165.5,166.0,165.5,-0.5,-1,44000,33,7294000
2017-04-27,165.5,165.5,166.0,165.0,0.0,0,164040,76,27165620
2017-04-28,166.0,165.5,166.0,165.0,0.0,0,257533,190,42603678
