date,OP,CP,HP,LP,DF,RD,TV,TC,TO
2016-01-06,88.1,91.0,96.0,88.1,0.0,0,3881562,2988,353022442
2016-01-07,90.0,87.9,90.5,87.9,-3.1,-1,1377861,1123,122226536
2016-01-08,87.9,88.6,90.2,87.9,0.7,1,1210464,646,107499160
2016-01-11,87.9,82.0,88.6,82.0,-6.6,-1,1308061,626,113701924
2016-01-12,82.0,72.5,83.4,72.1,-9.5,-1,1181771,918,90170396
2016-01-13,73.5,75.2,77.0,73.5,2.7,1,519620,402,39129184
2016-01-14,73.6,73.0,74.0,72.1,-2.2,-1,329630,249,24064815
2016-01-15,73.5,71.2,74.1,71.2,-1.8,-1,348021,268,25337800
2016-01-18,71.5,75.0,77.0,70.2,3.8,1,506250,356,37038825
2016-01-19,74.8,77.0,77.9,74.0,2.0,1,377083,270,28491415
2016-01-20,75.6,72.0,75.6,71.5,-5.0,-1,525650,376,38522400
2016-01-21,72.8,73.5,73.5,72.1,1.5,1,198242,178,14477787
2016-01-22,74.0,75.0,75.9,74.0,1.5,1,238000,219,17810300
2016-01-25,76.1,75.6,77.3,75.0,0.6,1,226000,185,17146400
2016-01-26,74.7,73.9,75.0,73.7,-1.7,-1,128000,107,9502600
2016-01-27,74.5,72.9,75.0,72.4,-1.0,-1,128001,105,9435872
2016-01-28,72.1,72.7,73.3,72.1,-0.2,-1,188035,176,13616630
2016-01-29,72.7,73.3,73.5,72.2,0.6,1,114100,99,8327580
2016-01-30,74.1,74.8,75.4,74.1,1.5,1,208353,167,15543275
2016-02-01,74.7,74.0,75.2,74.0,-0.8,-1,110000,90,8176100
2016-02-02,73.7,76.6,77.7,73.7,2.6,1,303117,263,23179009
2016-02-03,75.5,75.0,76.2,74.2,-1.6,-1,157058,140,11812742
2016-02-15,74.0,74.0,74.8,72.6,-1.0,-1,184400,150,13553918
2016-02-16,73.0,74.2,74.6,73.0,0.2,1,131015,110,9684923
2016-02-17,74.0,75.8,76.8,73.5,1.6,1,226450,206,17068255
2016-02-18,76.1,83.3,83.3,76.1,7.5,1,763114,567,62177895
2016-02-19,82.7,83.3,84.7,81.7,0.0,0,683667,518,56757127
2016-02-22,83.1,81.6,83.1,81.0,-1.7,-1,193200,164,15783339
2016-02-23,81.6,83.0,84.0,81.3,1.4,1,253200,202,21071540
2016-02-24,82.5,80.9,82.9,80.3,-2.1,-1,166250,133,13568423
2016-02-25,81.2,79.7,81.3,79.5,-1.2,-1,179638,153,14391747
2016-02-26,80.7,80.6,80.7,79.6,0.9,1,85370,83,6852422
2016-03-01,81.3,82.5,83.2,80.6,1.9,1,184200,143,15082640
2016-03-02,82.4,82.1,83.4,82.0,-0.4,-1,117354,110,9670705
2016-03-03,82.1,83.9,85.8,81.7,1.8,1,451600,346,37877879
2016-03-04,83.7,85.0,86.8,83.0,1.1,1,509924,379,43440778
2016-03-07,85.0,83.2,85.8,83.0,-1.8,-1,201100,162,16938600
2016-03-08,82.8,82.0,83.0,81.5,-1.2,-1,184000,132,15105800
2016-03-09,82.8,85.8,85.9,82.8,3.8,1,332350,279,28148329
2016-03-10,86.5,86.5,87.9,85.5,0.7,1,436975,347,37863225
2016-03-11,85.6,85.8,86.7,84.1,-0.7,-1,298400,234,25461020
2016-03-14,86.9,86.7,88.1,86.0,0.9,1,296610,246,25916670
2016-03-15,87.4,84.8,88.5,84.6,-1.9,-1,374012,291,32385720
2016-03-16,87.0,92.0,92.7,86.6,7.2,1,1599162,1171,144701684
2016-03-17,94.0,91.2,94.9,89.9,-0.8,-1,1587950,1067,147646250
2016-03-18,91.2,90.0,91.2,88.0,-1.2,-1,511900,379,45675619
2016-03-21,90.0,88.5,90.0,88.3,-1.5,-1,260370,194,23177645
2016-03-22,88.5,85.3,88.5,84.6,-3.2,-1,916047,643,78763495
2016-03-23,85.2,83.3,85.6,83.2,-2.0,-1,353852,289,29733085
2016-03-24,84.0,84.0,85.4,82.2,0.7,1,250000,196,20954700
2016-03-25,84.0,83.2,84.5,83.1,-0.8,-1,130100,106,10863110
2016-03-28,83.0,82.5,83.4,82.4,-0.7,-1,103157,91,8523652
2016-03-29,82.5,79.2,83.0,78.3,-3.3,-1,225425,201,18085058
2016-03-30,79.2,81.0,81.2,79.2,1.8,1,115000,97,9211798
2016-03-31,81.0,80.0,81.2,79.6,-1.0,-1,110200,96,8825719
2016-04-01,80.0,79.7,81.8,78.8,-0.3,-1,106000,79,8517000
2016-04-06,79.5,80.5,80.7,78.9,0.8,1,90150,85,7172372
2016-04-07,80.3,79.1,80.5,78.6,-1.4,-1,157713,145,12503841
2016-04-08,78.2,79.3,80.0,78.2,0.2,1,98003,93,7758239
2016-04-11,79.1,79.4,80.1,79.1,0.1,1,72243,66,5753794
2016-04-12,79.4,80.5,82.9,79.4,1.1,1,299000,227,24284100
2016-04-13,79.9,80.1,80.8,79.9,-0.4,-1,144079,102,11558127
2016-04-14,80.3,80.1,81.5,80.1,0.0,0,101940,78,8226194
2016-04-15,79.1,79.5,80.2,79.1,-0.6,-1,99980,70,7960417
2016-04-18,79.4,78.0,79.9,78.0,-1.5,-1,160241,136,12570317
2016-04-19,79.0,78.8,79.1,77.2,0.8,1,164200,130,12831160
2016-04-20,78.7,77.7,78.9,77.0,-1.1,-1,146000,119,11347600
2016-04-21,77.1,76.8,77.7,76.7,-0.9,-1,79255,74,6121562
2016-04-22,77.0,74.5,77.2,73.4,-2.3,-1,259330,202,19463915
2016-04-25,74.0,73.5,74.5,73.4,-1.0,-1,137690,118,10185861
2016-04-26,74.1,73.9,74.8,73.6,0.4,1,90530,66,6700620
2016-04-27,74.2,73.7,74.4,73.6,-0.2,-1,101000,68,7473900
2016-04-28,73.7,72.5,73.7,72.1,-1.2,-1,157050,118,11418600
2016-04-29,72.0,72.2,72.2,71.5,-0.3,-1,172300,99,12373180
2016-05-03,72.2,70.2,72.2,70.1,-2.0,-1,290795,214,20580107
2016-05-04,70.2,67.4,70.2,67.3,-2.8,-1,437000,380,29780800
2016-05-05,67.9,66.3,67.9,65.6,-1.1,-1,203457,163,13522379
2016-05-06,66.2,68.3,70.2,66.2,2.0,1,175050,128,11925125
2016-05-09,68.5,67.1,69.0,67.1,-1.2,-1,91050,67,6193825
2016-05-10,67.0,67.1,68.0,67.0,0.0,0,107150,73,7222680
2016-05-11,63.4,60.4,64.0,60.4,-6.7,-1,609010,460,37485502
2016-05-12,57.3,57.1,58.8,57.1,-3.3,-1,344100,218,19882430
2016-05-13,57.0,57.0,57.8,56.3,-0.1,-1,116000,84,6599800
2016-05-16,56.9,55.4,56.9,55.0,-1.6,-1,149000,99,8264800
2016-05-17,56.0,59.5,59.6,55.5,4.1,1,183100,140,10504300
2016-05-18,57.7,58.8,60.7,57.6,-0.7,-1,121000,89,7142400
2016-05-19,59.0,59.4,59.8,58.1,0.6,1,78100,63,4623440
2016-05-20,59.0,61.8,63.3,58.6,2.4,1,166100,128,10101700
2016-05-23,62.0,62.1,63.7,61.5,0.3,1,121090,88,7585806
2016-05-24,62.7,61.7,63.2,61.7,-0.4,-1,71000,44,4431000
2016-05-25,63.2,61.8,63.2,61.7,0.1,1,68000,49,4237200
2016-05-26,61.7,61.4,62.7,61.2,-0.4,-1,62000,51,3833900
2016-05-27,60.2,61.0,61.4,60.2,-0.4,-1,64010,64,3895248
2016-05-30,61.0,60.9,61.6,60.9,-0.1,-1,73000,59,4464300
2016-05-31,60.9,65.0,66.0,60.2,4.1,1,271255,226,17258775
2016-06-01,65.0,66.0,67.0,64.3,1.0,1,382200,309,25210440
2016-06-02,66.0,65.4,66.2,65.4,-0.6,-1,171610,127,11262911
2016-06-03,65.5,64.9,65.6,64.5,-0.5,-1,98500,88,6399100
2016-06-04,64.6,64.9,65.0,64.4,0.0,0,36000,33,2329100
2016-06-06,65.0,65.1,65.8,64.4,0.2,1,90105,73,5865830
2016-06-07,65.9,65.2,65.9,65.1,0.1,1,70000,53,4582000
2016-06-08,64.7,65.0,65.9,64.7,-0.2,-1,95700,79,6228480
2016-06-13,64.5,62.2,64.5,61.8,-2.8,-1,147048,117,9251015
2016-06-14,62.0,63.6,63.6,62.0,1.4,1,86000,59,5414200
2016-06-15,63.6,62.7,63.6,62.2,-0.9,-1,526408,74,31814948
2016-06-16,62.8,62.3,62.9,62.0,-0.4,-1,82000,58,5115100
2016-06-17,63.0,62.3,63.0,62.2,0.0,0,112000,79,6991800
2016-06-20,62.4,62.4,62.5,61.8,0.1,1,136000,112,8445400
2016-06-21,62.4,62.2,62.4,61.9,-0.2,-1,204383,163,12713251
2016-06-22,62.2,63.6,64.0,62.2,1.4,1,502550,302,31834801
2016-06-23,58.0,57.5,58.0,57.1,0.0,0,241198,204,13863084
2016-06-24,57.5,56.1,57.5,56.0,-1.4,-1,227500,213,12879850
2016-06-27,57.2,55.8,57.2,55.5,-0.3,-1,68276,57,3820500
2016-06-28,55.8,55.6,56.2,55.6,-0.2,-1,58350,51,3260895
2016-06-29,55.8,55.9,56.4,55.8,0.3,1,71084,57,3979012
2016-06-30,56.4,56.0,56.4,55.8,0.1,1,77000,52,4320100
2016-07-01,56.8,55.9,56.8,55.6,-0.1,-1,111000,65,6200700
2016-07-04,55.9,57.1,57.8,55.9,1.2,1,98397,85,5635568
2016-07-05,57.8,56.6,57.8,56.5,-0.5,-1,112135,50,6371214
2016-07-06,56.7,56.1,56.7,56.1,-0.5,-1,66073,44,3723780
2016-07-07,56.2,55.7,56.2,55.7,-0.4,-1,61000,46,3414300
2016-07-11,55.7,55.5,56.1,55.4,-0.2,-1,83993,71,4667815
2016-07-12,55.0,54.5,55.5,54.0,-1.0,-1,181260,139,9881195
2016-07-13,54.1,53.6,54.9,53.3,-0.9,-1,193500,137,10421950
2016-07-14,53.6,52.8,54.2,52.7,-0.8,-1,117250,108,6234725
2016-07-15,52.7,51.6,52.7,51.3,-1.2,-1,285575,220,14797970
2016-07-18,51.6,51.9,52.6,51.6,0.3,1,101471,85,5284196
2016-07-19,52.2,51.5,52.2,51.0,-0.4,-1,77683,75,4001074
2016-07-20,51.5,50.8,52.0,50.7,-0.7,-1,130808,113,6690946
2016-07-21,50.8,50.7,50.8,50.3,-0.1,-1,130300,105,6585440
2016-07-22,50.7,51.3,51.7,50.5,0.6,1,125450,93,6418539
2016-07-25,51.1,50.5,51.4,50.5,-0.8,-1,108750,69,5514975
2016-07-26,50.3,50.6,50.8,50.3,0.1,1,86136,76,4352804
2016-07-27,50.6,51.2,51.7,50.6,0.6,1,81110,65,4156276
2016-07-28,51.7,51.9,53.2,51.1,0.7,1,189600,152,9858260
2016-07-29,51.9,51.3,52.3,51.3,-0.6,-1,63100,54,3254930
2016-08-01,51.3,51.4,52.1,51.3,0.1,1,51000,43,2625700
2016-08-02,51.4,51.5,52.0,51.0,0.1,1,182007,111,9377759
2016-08-03,50.9,50.7,50.9,50.5,-0.8,-1,122305,90,6204808
2016-08-04,51.2,50.7,51.2,50.3,0.0,0,57400,48,2909100
2016-08-05,50.6,50.8,51.0,50.6,0.1,1,29200,26,1482459
2016-08-08,51.0,50.7,51.1,50.5,-0.1,-1,87000,61,4409600
2016-08-09,51.0,51.1,52.1,51.0,0.4,1,140162,118,7214029
2016-08-10,50.9,50.8,51.5,50.8,-0.3,-1,64133,46,3278016
2016-08-11,50.3,47.5,50.4,46.8,-3.3,-1,400950,332,19333672
2016-08-12,48.45,47.0,48.45,46.75,-0.5,-1,125022,94,5924743
2016-08-15,46.9,43.65,46.9,42.85,-3.35,-1,456649,355,20229774
2016-08-16,43.75,44.25,44.45,43.75,0.6,1,104270,82,4600305
2016-08-17,44.5,44.45,44.8,42.95,0.2,1,92416,78,4070641
2016-08-18,43.5,44.05,44.45,43.5,-0.4,-1,50840,44,2237701
2016-08-19,43.7,44.0,44.25,43.6,-0.05,-1,60716,45,2665754
2016-08-22,44.0,44.6,44.65,43.6,0.6,1,87000,77,3846500
2016-08-23,44.5,46.5,47.35,44.5,1.9,1,166488,145,7628669
2016-08-24,46.5,45.65,46.9,45.65,-0.85,-1,67300,63,3102394
2016-08-25,46.9,45.8,46.9,45.3,0.15,1,53718,42,2466811
2016-08-26,45.4,45.6,45.65,44.3,-0.2,-1,96550,69,4368442
2016-08-29,46.5,45.85,46.5,45.1,0.25,1,119170,69,5467227
2016-08-30,45.6,46.4,46.6,45.5,0.55,1,120030,66,5524876
2016-08-31,46.4,46.1,47.0,46.1,-0.3,-1,45147,38,2094484
2016-09-01,46.0,46.3,46.6,45.5,0.2,1,53000,40,2455100
2016-09-02,46.15,45.55,46.5,45.55,-0.75,-1,85000,48,3916850
2016-09-05,46.4,45.75,46.4,45.6,0.2,1,97110,31,4478971
2016-09-06,46.55,46.3,46.55,45.75,0.55,1,90080,26,4147930
2016-09-07,46.3,46.2,46.5,46.05,-0.1,-1,35000,22,1619150
2016-09-08,46.8,46.05,46.8,46.05,-0.15,-1,39075,35,1808365
2016-09-09,46.0,46.0,46.6,45.15,-0.05,-1,16000,12,734750
2016-09-10,45.5,45.0,45.6,44.7,-1.0,-1,23117,23,1044767
2016-09-12,45.35,45.4,45.9,45.35,0.4,1,37000,33,1688700
2016-09-13,45.8,45.45,45.8,45.1,0.05,1,20000,20,905600
2016-09-14,45.0,44.8,45.4,44.8,-0.65,-1,37000,29,1662250
2016-09-19,44.9,45.3,45.65,44.9,0.5,1,38000,32,1714200
2016-09-20,45.3,45.0,45.3,44.7,-0.3,-1,22000,20,988950
2016-09-21,44.8,44.9,45.2,44.75,-0.1,-1,34100,31,1534040
2016-09-22,45.0,44.8,45.2,44.5,-0.1,-1,42000,35,1883100
2016-09-23,44.5,44.75,45.05,44.5,-0.05,-1,24400,25,1093448
2016-09-26,44.75,44.8,44.8,44.75,0.05,1,7150,9,320204
2016-09-29,44.75,45.1,45.6,44.75,0.3,1,45000,39,2025650
2016-09-30,44.9,45.65,45.8,44.9,0.55,1,51000,41,2326000
2016-10-03,47.2,50.2,50.2,46.6,4.55,1,819624,545,40485474
2016-10-04,52.0,55.2,55.2,51.0,5.0,1,923500,684,49879199
2016-10-05,56.6,56.8,59.8,56.6,1.6,1,1750754,1310,101675626
2016-10-06,56.8,56.8,57.8,55.8,0.0,0,341050,270,19399240
2016-10-07,56.9,55.3,57.0,53.9,-1.5,-1,457540,354,25178891
2016-10-11,55.3,53.4,55.3,51.7,-1.9,-1,310050,246,16380570
2016-10-12,52.9,51.7,53.0,51.6,-1.7,-1,178150,156,9277484
2016-10-13,52.2,54.0,55.9,51.7,2.3,1,603474,496,32905990
2016-10-14,54.0,51.8,54.9,51.8,-2.2,-1,274017,243,14496884
2016-10-17,52.0,51.6,52.4,50.7,-0.2,-1,178000,139,9157800
2016-10-18,51.6,51.2,51.8,50.8,-0.4,-1,70200,64,3597299
2016-10-19,52.4,51.9,52.4,51.1,0.7,1,79400,75,4096400
2016-10-20,51.4,51.6,52.0,51.3,-0.3,-1,74000,61,3811500
2016-10-21,52.0,51.7,52.0,51.2,0.1,1,80000,67,4119200
2016-10-24,52.2,51.3,52.3,51.0,-0.4,-1,78000,69,4013200
2016-10-25,51.6,51.4,51.8,50.9,0.1,1,86000,66,4414400
2016-10-26,51.8,50.7,51.8,50.7,-0.7,-1,107000,86,5443600
2016-10-27,50.7,49.65,50.8,49.65,-1.05,-1,76000,61,3822450
2016-10-28,49.5,48.9,49.6,48.3,-0.75,-1,138100,129,6753860
2016-10-31,49.85,49.0,49.85,48.9,0.1,1,68000,52,3341550
2016-11-01,49.3,48.65,49.3,48.55,-0.35,-1,45100,34,2199250
2016-11-02,49.15,46.9,49.15,46.5,-1.75,-1,122000,107,5805950
2016-11-03,46.5,45.0,46.5,43.85,-1.9,-1,222500,156,9937549
2016-11-04,44.25,45.0,45.4,44.1,0.0,0,92000,64,4133250
2016-11-07,45.2,44.8,45.6,44.5,-0.2,-1,78001,48,3509595
2016-11-08,44.25,44.15,44.8,43.5,-0.65,-1,139199,103,6131115
2016-11-09,44.1,41.6,44.1,41.0,-2.55,-1,209732,154,8830867
2016-11-10,42.35,43.0,43.4,42.35,1.4,1,72000,60,3076500
2016-11-11,44.3,41.95,44.3,41.7,-1.05,-1,66200,60,2799820
2016-11-14,41.95,42.05,42.95,41.65,0.1,1,29000,28,1215900
2016-11-15,42.8,41.9,42.8,41.8,-0.15,-1,38050,36,1596562
2016-11-16,41.9,42.5,43.5,41.9,0.6,1,29000,28,1240050
2016-11-17,42.35,42.05,42.35,42.0,-0.45,-1,26000,18,1094600
2016-11-18,42.05,42.3,43.0,42.05,0.25,1,25232,21,1066033
2016-11-21,42.1,42.2,42.85,42.0,-0.1,-1,56047,35,2367502
2016-11-22,42.5,42.45,42.5,42.25,0.25,1,25200,18,1069150
2016-11-23,44.0,43.6,44.85,43.0,1.15,1,138250,110,6058500
2016-11-24,44.0,42.85,44.0,42.85,-0.75,-1,51200,42,2215000
2016-11-25,42.65,42.8,43.0,42.6,-0.05,-1,20000,20,856400
2016-11-28,42.7,42.45,43.25,42.45,-0.35,-1,27090,27,1158406
2016-11-29,42.45,42.55,43.0,42.45,0.1,1,23000,18,981950
2016-11-30,43.4,43.0,43.4,42.55,0.45,1,39000,31,1679300
2016-12-01,44.0,43.3,44.0,43.0,0.3,1,29000,18,1251550
2016-12-02,43.0,42.5,43.0,42.5,-0.8,-1,50007,34,2130097
2016-12-05,42.5,42.9,43.25,42.4,0.4,1,79000,41,3387450
2016-12-06,43.95,43.0,43.95,42.8,0.1,1,39046,33,1690628
2016-12-07,43.0,43.0,43.5,43.0,0.0,0,17200,16,740550
2016-12-08,43.0,42.8,43.0,42.7,-0.2,-1,56200,44,2407939
2016-12-09,43.6,43.0,43.6,42.9,0.2,1,18000,14,774650
2016-12-12,43.6,43.45,44.0,43.05,0.45,1,55000,51,2398250
2016-12-13,43.7,43.1,43.7,43.1,-0.35,-1,37300,29,1621730
2016-12-14,43.1,42.85,43.15,42.85,-0.25,-1,30000,22,1289600
2016-12-15,42.85,43.2,43.2,42.85,0.35,1,18050,17,776800
2016-12-16,43.05,43.8,44.8,43.05,0.6,1,55000,51,2417100
2016-12-19,44.35,43.75,44.35,43.6,-0.05,-1,20000,19,876950
2016-12-20,43.35,43.5,43.5,43.0,-0.25,-1,65180,48,2816444
2016-12-21,43.5,43.0,43.5,42.7,-0.5,-1,39000,33,1669600
2016-12-22,43.05,42.65,43.1,42.65,-0.35,-1,16000,15,683800
2016-12-23,42.35,43.2,43.2,42.0,0.55,1,53514,39,2270199
2016-12-26,42.9,42.7,42.9,42.55,-0.5,-1,11151,11,476412
2016-12-27,42.55,42.55,42.9,42.5,-0.15,-1,15000,9,638600
2016-12-28,42.55,43.1,43.1,42.55,0.55,1,34000,21,1449200
2016-12-29,42.1,42.35,42.65,42.1,-0.75,-1,33000,26,1396800
2016-12-30,42.5,42.25,42.5,42.2,-0.1,-1,34050,21,1438182
2017-01-03,42.3,42.35,42.6,42.3,0.1,1,29000,17,1229100
2017-01-04,42.5,42.4,42.95,42.4,0.05,1,30403,30,1296536
2017-01-05,42.5,42.35,42.7,42.3,-0.05,-1,34046,26,1444845
2017-01-06,42.6,42.9,43.7,42.6,0.55,1,120106,104,5170758
2017-01-09,43.1,43.5,43.7,42.95,0.6,1,147000,97,6355150
2017-01-10,43.5,43.15,43.5,43.1,-0.35,-1,39000,30,1683200
2017-01-11,43.8,43.05,43.8,43.0,-0.1,-1,52000,48,2247900
2017-01-12,43.4,47.35,47.35,43.4,4.3,1,477183,354,22130314
2017-01-13,49.7,48.6,50.5,48.3,1.25,1,1031489,786,50865814
2017-01-16,48.3,46.4,48.3,46.4,-2.2,-1,297110,219,13968453
2017-01-17,46.5,45.75,47.0,45.55,-0.65,-1,144050,125,6637900
