date,OP,CP,HP,LP,DF,RD,TV,TC,TO
2016-07-20,117.0,122.0,126.5,115.0,0.0,0,5899032,2935,701284468
2016-07-21,123.5,119.0,124.0,119.0,-3.0,-1,2562010,1256,309735205
2016-07-22,119.0,113.0,120.0,110.5,-6.0,-1,2117001,1273,242168118
2016-07-25,113.0,116.5,118.0,111.5,3.5,1,1546200,897,177493900
2016-07-26,116.5,116.0,117.5,113.5,-0.5,-1,764100,501,88316649
2016-07-27,116.5,113.0,116.5,112.5,-3.0,-1,653300,430,74262500
2016-07-28,114.0,116.5,116.5,111.0,3.5,1,1052600,647,120480300
2016-07-29,116.0,115.0,117.5,114.5,-1.5,-1,591100,389,68466500
2016-08-01,116.0,113.0,116.0,112.5,-2.0,-1,610387,380,69382505
2016-08-02,113.5,112.5,113.5,112.0,-0.5,-1,628100,306,70797200
2016-08-03,112.5,113.5,115.5,112.0,1.0,1,486020,302,55233300
2016-08-04,115.0,124.5,124.5,115.0,11.0,1,4502060,2069,549738970
2016-08-05,123.0,125.5,126.0,122.5,1.0,1,2323484,1259,288540968
2016-08-08,130.0,129.5,134.5,126.5,4.0,1,3218120,1901,421514960
2016-08-09,129.0,136.0,136.0,126.0,6.5,1,1978824,1302,260684388
2016-08-10,134.0,133.0,135.0,131.0,-3.0,-1,1522520,1013,202132180
2016-08-11,133.0,128.0,133.0,123.0,-5.0,-1,1894756,1169,241480268
2016-08-12,127.0,129.0,131.0,126.0,1.0,1,790245,575,101522350
2016-08-15,130.0,132.0,134.0,128.0,3.0,1,1285650,843,168748100
2016-08-16,131.5,130.0,132.0,128.0,-2.0,-1,1281142,765,166217460
2016-08-17,131.0,131.0,133.0,129.5,1.0,1,1013720,675,132727860
2016-08-18,132.0,138.0,142.0,131.5,7.0,1,3131700,1956,430009100
2016-08-19,138.0,134.0,141.0,134.0,-4.0,-1,2138670,1348,292913284
2016-08-22,133.5,131.0,135.0,128.0,-3.0,-1,1456515,974,190356950
2016-08-23,131.0,131.0,132.0,129.0,0.0,0,685065,479,89666515
2016-08-24,131.5,132.5,134.0,130.5,1.5,1,1023170,614,135533195
2016-08-25,133.0,133.0,135.0,132.5,0.5,1,1559645,862,208242140
2016-08-26,133.0,136.0,138.5,132.0,3.0,1,1383265,973,187907805
2016-08-29,136.0,136.0,139.5,134.5,0.0,0,878750,642,120076875
2016-08-30,136.0,132.0,136.5,132.0,-4.0,-1,928015,676,123766965
2016-08-31,132.5,130.5,133.5,129.5,-1.5,-1,498350,388,65259025
2016-09-01,130.5,125.0,131.0,125.0,-5.5,-1,1174096,847,149384045
2016-09-02,126.0,127.5,129.0,122.5,2.5,1,970478,719,122183945
2016-09-05,128.5,128.0,129.5,126.0,0.5,1,317056,242,40555168
2016-09-06,129.0,125.0,129.0,122.5,-3.0,-1,1045938,734,130694216
2016-09-07,125.0,123.0,125.0,122.5,-2.0,-1,672190,465,83072370
2016-09-08,123.5,125.0,126.5,122.5,2.0,1,483356,338,60367821
2016-09-09,124.0,125.0,125.0,123.5,0.0,0,268100,184,33326550
2016-09-10,123.0,122.0,123.0,120.5,-3.0,-1,548552,388,66622896
2016-09-12,120.0,117.0,121.5,115.0,-5.0,-1,1272416,894,150070672
2016-09-13,118.0,115.0,118.5,113.5,-2.0,-1,779318,537,89703570
2016-09-14,113.5,116.0,116.5,113.5,1.0,1,281001,208,32450617
2016-09-19,116.5,120.5,121.0,116.5,4.5,1,669353,459,80063860
2016-09-20,121.0,121.5,124.0,120.0,1.0,1,520715,411,63675156
2016-09-21,121.5,120.5,123.5,120.5,-1.0,-1,458200,339,55808700
2016-09-22,122.5,121.5,123.0,119.0,1.0,1,438100,327,53228700
2016-09-23,121.5,122.0,123.0,121.0,0.5,1,230395,178,28120190
2016-09-26,121.5,118.0,121.5,116.0,-4.0,-1,412151,316,48808392
2016-09-29,119.5,117.5,119.5,116.5,-0.5,-1,285664,209,33545352
2016-09-30,117.0,117.5,118.0,115.5,0.0,0,293336,220,34310980
2016-10-03,117.5,120.5,121.5,117.0,3.0,1,593500,420,71269250
2016-10-04,119.5,118.0,120.0,118.0,-2.5,-1,401682,277,47668476
2016-10-05,118.0,119.5,120.0,118.0,1.5,1,245203,166,29200157
2016-10-06,119.5,119.5,121.5,119.0,0.0,0,297050,213,35720025
2016-10-07,119.5,117.0,119.5,115.5,-2.5,-1,308008,211,36119436
2016-10-11,117.5,110.0,118.0,107.0,-7.0,-1,1132599,713,125254687
2016-10-12,109.5,109.0,111.0,108.5,-1.0,-1,318901,237,34956709
2016-10-13,109.5,107.5,110.0,105.0,-1.5,-1,442762,307,47587414
2016-10-14,106.5,106.5,109.5,104.5,-1.0,-1,410100,320,43842200
2016-10-17,107.0,103.5,107.0,102.0,-3.0,-1,361171,312,37427696
2016-10-18,102.5,105.0,107.0,102.5,1.5,1,335250,249,35274874
2016-10-19,105.0,107.0,109.0,104.5,2.0,1,472250,367,50586750
2016-10-20,107.0,107.0,108.0,106.0,0.0,0,185100,149,19794750
2016-10-21,106.5,109.5,111.0,106.0,2.5,1,474540,339,51614626
2016-10-24,108.5,111.5,112.5,108.5,2.0,1,724243,428,80456230
2016-10-25,111.5,113.5,114.0,111.5,2.0,1,472300,254,53206049
2016-10-26,112.5,112.5,114.0,111.5,-1.0,-1,234030,132,26386860
2016-10-27,112.5,111.5,113.0,110.0,-1.0,-1,261100,153,29084749
2016-10-28,111.5,111.0,111.5,110.5,-0.5,-1,148000,79,16439500
2016-10-31,111.0,110.0,111.0,108.0,-1.0,-1,133243,84,14587473
2016-11-01,111.0,109.5,111.0,109.5,-0.5,-1,64000,48,7064500
2016-11-02,108.0,105.0,110.0,104.5,-4.5,-1,394200,264,41838500
2016-11-03,105.0,106.5,107.5,105.0,1.5,1,321602,195,34143509
2016-11-04,106.5,106.5,108.0,106.5,0.0,0,44300,30,4731800
2016-11-07,107.5,106.0,107.5,105.5,-0.5,-1,81000,54,8601500
2016-11-08,106.0,105.5,106.5,102.5,-0.5,-1,239000,162,24844500
2016-11-09,105.0,95.0,106.0,95.0,-10.5,-1,1140450,703,111291650
2016-11-10,98.5,99.5,99.9,94.4,4.5,1,502101,340,49008479
2016-11-11,97.0,100.0,102.5,96.8,0.5,1,370065,266,36828932
2016-11-14,100.0,103.0,104.0,98.7,3.0,1,329150,237,33443200
2016-11-15,103.5,103.0,105.0,102.5,0.0,0,260000,178,27041000
2016-11-16,103.5,102.5,105.0,101.5,-0.5,-1,230200,164,23693000
2016-11-17,103.5,103.0,104.5,102.0,0.5,1,142050,104,14672675
2016-11-18,102.5,103.5,103.5,102.5,0.5,1,136050,90,14003175
2016-11-21,103.5,103.5,104.0,101.5,0.0,0,253102,152,26054608
2016-11-22,103.5,107.5,109.5,102.5,4.0,1,633028,449,67048009
2016-11-23,106.0,104.0,106.0,103.5,-3.5,-1,580500,339,60728500
2016-11-24,104.0,103.0,104.5,103.0,-1.0,-1,147000,105,15184500
2016-11-25,104.0,103.5,105.0,103.0,0.5,1,74029,61,7697487
2016-11-28,103.5,103.5,104.0,103.0,0.0,0,121300,90,12535350
2016-11-29,103.5,104.0,104.0,101.5,0.5,1,200500,140,20625500
2016-11-30,104.0,105.5,106.5,104.0,1.5,1,190028,152,20041954
2016-12-01,106.0,104.0,106.5,104.0,-1.5,-1,185032,138,19392296
2016-12-02,104.0,104.5,104.5,103.5,0.5,1,90000,64,9364500
2016-12-05,105.0,105.5,105.5,104.0,1.0,1,1168050,120,118186750
2016-12-06,105.5,106.0,107.0,105.5,0.5,1,199000,171,21182000
2016-12-07,106.5,107.5,108.0,106.0,1.5,1,287028,200,30758010
2016-12-08,108.5,108.5,108.5,106.5,1.0,1,216024,163,23180103
2016-12-09,108.5,108.5,112.5,108.5,0.0,0,397150,305,43618850
2016-12-12,110.5,109.0,110.5,108.5,0.5,1,471075,291,51629712
2016-12-13,109.0,109.0,110.0,108.0,0.0,0,254060,183,27613540
2016-12-14,109.0,113.5,114.5,108.0,4.5,1,994348,758,111521345
2016-12-15,112.0,110.5,113.0,110.0,-3.0,-1,706365,519,78291197
2016-12-16,110.5,112.0,112.5,109.0,1.5,1,433100,348,48106700
2016-12-19,111.5,109.0,111.5,109.0,-3.0,-1,351212,249,38593320
2016-12-20,109.5,110.0,110.0,108.0,1.0,1,182000,145,19791500
2016-12-21,110.5,113.0,113.5,110.0,3.0,1,471375,351,52789875
2016-12-22,114.0,112.0,114.0,111.5,-1.0,-1,185000,144,20810000
2016-12-23,111.5,110.0,112.5,110.0,-2.0,-1,246137,184,27242775
2016-12-26,110.0,110.5,111.0,109.5,0.5,1,1114100,80,121596150
2016-12-27,112.0,111.5,113.5,110.5,1.0,1,259116,201,29051048
2016-12-28,111.5,111.5,113.0,111.0,0.0,0,207100,141,23202150
2016-12-29,111.5,110.5,111.5,110.5,-1.0,-1,130000,108,14415500
2016-12-30,111.0,111.0,112.0,110.5,0.5,1,140100,92,15562650
2017-01-03,112.0,111.0,112.0,110.0,0.0,0,199200,168,22106799
2017-01-04,111.0,110.0,111.5,110.0,-1.0,-1,276286,188,30519102
2017-01-05,111.0,112.0,112.5,110.5,2.0,1,295154,197,32931325
2017-01-06,112.0,117.0,119.0,111.5,5.0,1,1750909,1170,203917853
2017-01-09,116.5,117.5,119.0,115.0,0.5,1,1043095,675,122396615
2017-01-10,117.5,116.5,120.5,116.0,-1.0,-1,831100,598,98072250
2017-01-11,116.5,114.5,118.0,114.0,-2.0,-1,1012124,653,117541384
2017-01-12,114.5,115.0,117.0,113.5,0.5,1,621270,423,71616184
2017-01-13,115.5,115.0,115.5,113.5,0.0,0,546000,352,62340000
2017-01-16,115.0,113.5,115.5,113.0,-1.5,-1,491200,337,55894699
2017-01-17,113.5,112.5,114.5,112.0,-1.0,-1,408463,282,46261049
2017-01-18,113.0,112.5,113.0,109.0,0.0,0,904000,571,100361500
2017-01-19,111.0,111.0,113.0,110.0,-1.5,-1,680100,395,75679200
2017-01-20,111.0,108.0,111.5,108.0,-3.0,-1,672823,426,73490384
2017-01-23,108.5,107.5,108.5,106.5,-0.5,-1,398100,265,42864750
2017-01-24,108.0,109.0,109.5,107.0,1.5,1,592050,351,64165975
2017-02-02,108.5,109.5,110.0,108.5,0.5,1,703000,352,76699500
2017-02-03,110.0,111.0,112.5,109.5,1.5,1,1120000,538,124415500
2017-02-06,114.5,112.0,114.5,110.5,1.0,1,1804000,961,202535500
2017-02-07,112.5,111.5,113.5,111.5,-0.5,-1,1274000,662,142790000
2017-02-08,112.0,114.0,115.5,108.5,2.5,1,3043480,1882,341392200
2017-02-09,113.5,113.0,114.5,112.5,-1.0,-1,1195500,800,135805000
2017-02-10,113.5,112.0,114.5,112.0,-1.0,-1,863868,633,97898716
2017-02-13,111.5,111.5,112.5,110.0,-0.5,-1,751000,500,83663500
2017-02-14,113.0,119.5,119.5,113.0,8.0,1,4609765,2729,540556416
2017-02-15,118.0,119.0,119.0,117.0,-0.5,-1,1338515,952,158162785
2017-02-16,121.0,116.5,123.5,116.0,-2.5,-1,2021300,1345,241732750
2017-02-17,117.0,118.0,118.5,116.5,1.5,1,779200,594,91436500
2017-02-18,118.0,120.0,120.0,117.0,2.0,1,816020,530,96543420
2017-02-20,121.5,120.0,126.0,120.0,0.0,0,3846425,2579,474446711
2017-02-21,120.0,119.0,120.5,116.5,-1.0,-1,1013276,752,119950344
2017-02-22,120.0,121.5,123.0,119.5,2.5,1,1356325,1012,164546325
2017-02-23,122.5,117.5,122.5,116.5,-4.0,-1,1777284,1126,211563370
2017-02-24,117.5,117.0,117.5,116.0,-0.5,-1,712100,471,83219750
2017-03-01,117.0,117.5,118.0,116.5,0.5,1,324300,245,38016100
2017-03-02,118.0,115.5,118.5,115.0,-2.0,-1,822106,612,95489743
2017-03-03,115.5,117.0,118.5,115.0,1.5,1,925100,614,108310700
2017-03-06,117.5,118.0,119.0,117.5,1.0,1,710265,529,83867035
2017-03-07,118.5,116.5,118.5,116.5,-1.5,-1,415030,297,48810025
2017-03-08,116.5,117.5,118.0,116.5,1.0,1,272004,192,31899970
2017-03-09,119.0,117.0,120.0,117.0,-0.5,-1,1152300,787,136528900
2017-03-10,117.5,116.0,117.5,114.0,-1.0,-1,791020,560,91611820
2017-03-13,117.0,115.0,117.5,115.0,-1.0,-1,497300,333,57588700
2017-03-14,116.0,117.0,118.0,115.0,2.0,1,823225,485,96442825
2017-03-15,116.5,116.0,117.5,116.0,-1.0,-1,363055,267,42349880
2017-03-16,117.0,115.5,117.5,115.5,-0.5,-1,354100,227,41189100
2017-03-17,116.5,118.0,119.5,116.0,2.5,1,954220,600,112623180
2017-03-20,118.5,117.5,120.5,117.5,-0.5,-1,1103320,758,131199260
2017-03-21,118.5,118.0,119.0,117.0,0.5,1,538372,337,63537082
2017-03-22,117.5,118.5,118.5,116.0,0.5,1,464250,315,54689625
2017-03-23,119.0,118.0,121.0,117.5,-0.5,-1,945500,628,112558500
2017-03-24,118.5,116.0,118.5,116.0,-2.0,-1,920200,528,107440400
2017-03-27,118.0,116.0,118.0,115.0,0.0,0,883301,518,102621765
2017-03-28,117.0,116.0,118.5,112.0,0.0,0,1570227,995,182427445
2017-03-29,116.5,114.5,116.5,113.5,-1.5,-1,579712,457,66359092
