date,OP,CP,HP,LP,DF,RD,TV,TC,TO
2016-11-11,59.0,59.0,62.2,58.9,0.0,0,2650006,1731,159360254
2016-11-14,59.8,55.5,60.4,55.1,-3.5,-1,963100,624,55187370
2016-11-15,54.1,49.55,54.1,49.0,-5.95,-1,1287000,691,64649200
2016-11-16,50.0,58.7,59.0,49.1,9.15,1,1095215,718,59228970
2016-11-17,57.5,54.6,59.0,54.5,-4.1,-1,981000,615,56238200
2016-11-18,55.4,55.6,57.3,54.8,1.0,1,437180,316,24432500
2016-11-21,55.3,53.4,55.4,52.8,-2.2,-1,334170,225,18059110
2016-11-22,53.4,53.5,54.0,53.4,0.1,1,199609,132,10684619
2016-11-23,53.5,52.0,53.8,52.0,-1.5,-1,240500,176,12732050
2016-11-24,52.0,50.6,52.4,50.6,-1.4,-1,172000,124,8789000
2016-11-25,50.8,50.3,51.5,50.2,-0.3,-1,139000,104,7053000
2016-11-28,50.0,51.8,54.0,50.0,1.5,1,320000,212,16494700
2016-11-29,51.3,51.7,52.4,50.5,-0.1,-1,236000,171,12176800
2016-11-30,51.8,55.0,55.6,51.8,3.3,1,522011,353,28326003
2016-12-01,54.6,57.8,59.2,54.1,2.8,1,627300,405,35975370
2016-12-02,58.0,58.8,59.2,57.0,1.0,1,459300,337,26723640
2016-12-05,58.6,61.0,62.2,58.0,2.2,1,858260,573,51637886
2016-12-06,61.3,62.0,64.1,60.7,1.0,1,901270,604,56298078
2016-12-07,61.7,61.1,62.5,59.1,-0.9,-1,638000,434,38876700
2016-12-08,61.8,60.0,61.8,59.7,-1.1,-1,225000,159,13598000
2016-12-09,60.4,60.6,62.0,60.4,0.6,1,253100,203,15498420
2016-12-12,61.2,60.1,61.3,60.1,-0.5,-1,226000,174,13721200
2016-12-13,60.2,60.2,60.8,59.8,0.1,1,181000,120,10898400
2016-12-14,60.2,60.1,60.4,59.8,-0.1,-1,174000,123,10471100
2016-12-15,60.5,64.4,65.8,59.8,4.3,1,1177010,796,74112940
2016-12-16,64.2,64.2,65.1,63.0,-0.2,-1,524170,346,33651231
2016-12-19,67.5,65.9,70.0,65.0,1.7,1,1749905,1123,117498106
2016-12-20,65.9,65.0,66.5,64.6,-0.9,-1,548001,369,35791565
2016-12-21,65.0,64.9,66.4,64.8,-0.1,-1,340000,279,22245700
2016-12-22,65.0,63.0,65.1,62.9,-1.9,-1,426010,304,27213531
2016-12-23,63.0,63.0,63.5,62.6,0.0,0,107000,90,6737800
2016-12-26,63.7,60.8,63.7,60.7,-2.2,-1,185195,146,11397175
2016-12-27,60.9,61.2,62.5,60.5,0.4,1,146000,126,8983600
2016-12-28,61.9,61.7,62.2,61.2,0.5,1,200150,130,12351665
2016-12-29,61.7,62.5,63.0,61.7,0.8,1,227000,128,14188500
2016-12-30,62.5,63.7,63.7,62.5,1.2,1,188000,155,11907900
2017-01-03,64.7,62.3,64.7,62.0,-1.4,-1,215300,138,13580270
2017-01-04,62.3,61.0,62.4,60.0,-1.3,-1,431100,240,26299020
2017-01-05,60.9,59.9,60.9,59.8,-1.1,-1,296000,195,17797000
2017-01-06,59.9,63.0,63.7,59.9,3.1,1,418000,326,26034700
2017-01-09,63.1,61.0,63.1,61.0,-2.0,-1,260000,179,16103300
2017-01-10,63.0,66.0,67.1,62.5,5.0,1,1605515,1049,104918783
2017-01-11,66.3,71.0,72.1,65.7,5.0,1,2654240,1844,185368790
2017-01-12,70.5,73.5,74.9,70.1,2.5,1,1883914,1339,136464276
2017-01-13,74.5,75.0,76.0,73.5,1.5,1,1718500,1168,128342900
2017-01-16,74.0,73.6,74.7,70.9,-1.4,-1,1179360,855,85615360
2017-01-17,72.6,75.0,75.6,72.6,1.4,1,885108,625,65654677
2017-01-18,74.7,80.0,82.0,73.8,5.0,1,2651370,1718,208787700
2017-01-19,79.0,78.5,80.0,77.3,-1.5,-1,1046340,756,82326756
2017-01-20,79.4,75.5,79.4,75.5,-3.0,-1,872590,548,67593209
2017-01-23,75.0,78.5,78.9,74.1,3.0,1,1005475,713,76942250
2017-01-24,77.5,77.5,79.5,77.0,-1.0,-1,587600,431,46042720
2017-02-02,77.7,79.2,80.4,77.6,1.7,1,839262,605,66548847
2017-02-03,79.0,78.0,79.4,78.0,-1.2,-1,471476,305,37005772
2017-02-06,77.5,76.5,79.6,75.9,-1.5,-1,736686,593,57016279
2017-02-07,76.5,75.7,78.0,75.2,-0.8,-1,681278,473,52135243
2017-02-08,75.7,73.8,76.5,72.9,-1.9,-1,1102242,722,81435704
2017-02-09,73.8,75.4,76.5,72.9,1.6,1,667190,504,49985740
2017-02-10,76.5,80.8,82.5,76.0,5.4,1,1401453,980,111878717
2017-02-13,81.1,81.2,82.5,79.5,0.4,1,1186073,825,95995013
2017-02-14,81.5,81.5,82.0,80.2,0.3,1,1215159,640,98619179
2017-02-15,83.2,89.6,89.6,83.2,8.1,1,1821340,1029,159459964
2017-02-16,95.0,91.0,97.0,89.6,1.4,1,2731850,1972,254763243
2017-02-17,89.6,89.8,92.7,87.5,-1.2,-1,1563440,1156,140883809
2017-02-18,90.0,90.0,91.2,87.8,0.2,1,974835,681,87112050
2017-02-20,91.0,88.0,91.0,88.0,-2.0,-1,918712,727,81489456
2017-02-21,88.1,85.0,88.5,83.0,-3.0,-1,1263644,887,107834840
2017-02-22,85.0,87.5,87.9,79.1,2.5,1,1961942,1396,162871318
2017-02-23,85.0,84.0,85.8,83.3,-3.5,-1,796340,617,67269560
2017-02-24,84.3,86.5,86.5,84.3,2.5,1,491150,408,42013175
2017-03-01,87.0,86.2,87.1,85.2,-0.3,-1,493474,387,42532458
2017-03-02,86.5,87.6,87.8,86.5,1.4,1,325226,273,28370097
2017-03-03,87.8,85.7,87.8,85.7,-1.9,-1,231150,175,20023455
2017-03-06,87.4,88.6,90.3,86.0,2.9,1,387158,286,34013298
2017-03-07,88.6,88.6,89.6,87.8,0.0,0,297050,259,26387230
2017-03-08,88.5,89.0,89.6,88.3,0.4,1,321489,275,28590428
2017-03-09,89.0,88.0,89.6,86.1,-1.0,-1,264050,200,23150400
2017-03-10,87.0,85.3,87.0,85.0,-2.7,-1,365350,290,31305179
2017-03-13,85.3,89.0,90.0,84.6,3.7,1,721300,509,63529250
2017-03-14,89.0,87.9,89.1,87.8,-1.1,-1,306000,233,27070200
2017-03-15,87.7,86.7,88.2,86.5,-1.2,-1,191300,155,16675210
2017-03-16,87.9,87.8,91.5,87.7,1.1,1,1075600,815,96542180
2017-03-17,86.8,87.9,87.9,85.5,0.1,1,532000,437,45951000
2017-03-20,87.9,87.0,87.9,86.7,-0.9,-1,215850,174,18816825
2017-03-21,87.0,87.7,89.3,87.0,0.7,1,321045,242,28257737
2017-03-22,87.5,88.3,88.3,86.5,0.6,1,192000,137,16723000
2017-03-23,88.3,91.6,92.8,87.1,3.3,1,1606379,1159,146042976
2017-03-24,92.0,100.5,100.5,92.0,8.9,1,2793073,1668,273271636
2017-03-27,101.5,107.0,110.5,98.5,6.5,1,3605600,2527,376193597
2017-03-28,104.0,113.0,116.5,103.0,6.0,1,3032074,2286,327572194
2017-03-29,110.5,113.0,116.0,109.0,0.0,0,1556144,1238,176305916
2017-03-30,112.5,124.0,124.0,111.0,11.0,1,2427388,1424,293522612
2017-03-31,121.5,136.0,136.0,121.0,12.0,1,2937002,2260,381691272
2017-04-05,132.0,132.5,141.0,128.0,-3.5,-1,2553362,1943,342426826
2017-04-06,131.0,124.0,132.5,122.5,-8.5,-1,2473106,1960,314323195
2017-04-07,124.0,125.0,128.0,118.0,1.0,1,2782801,2178,342827024
2017-04-10,125.0,128.0,129.5,122.0,3.0,1,1622251,1369,204811128
2017-04-11,131.5,119.0,131.5,119.0,-9.0,-1,1896319,1496,236248894
2017-04-12,118.0,115.5,121.5,115.0,-3.5,-1,1503952,1176,177319480
2017-04-13,115.5,127.0,127.0,115.5,11.5,1,2455717,1831,303308059
2017-04-14,124.5,120.0,127.5,119.0,-7.0,-1,2184997,1708,268315640
2017-04-17,128.0,132.0,132.0,126.0,12.0,1,3366541,2393,437035912
2017-04-18,131.5,129.0,143.5,128.0,-3.0,-1,4868614,3732,661055048
2017-04-19,129.5,125.0,133.0,124.5,-4.0,-1,2196375,1790,282579186
2017-04-20,126.0,123.0,129.0,122.0,-2.0,-1,1311100,1078,164204600
2017-04-21,126.0,123.5,129.0,123.0,0.5,1,957460,855,120018807
2017-04-24,124.5,120.0,126.5,120.0,-3.5,-1,693650,579,85123500
2017-04-25,122.0,124.5,128.0,121.0,4.5,1,1734393,1327,217383376
2017-04-26,130.5,129.5,133.5,128.0,5.0,1,2608200,1955,341430200
