date,OP,CP,HP,LP,DF,RD,TV,TC,TO
2015-12-16,128.0,138.0,140.0,121.0,0.0,0,4534256,3882,597105840
2015-12-17,138.0,137.0,142.0,134.0,-1.0,-1,1006500,926,137878500
2015-12-18,136.0,132.5,136.5,132.0,-4.5,-1,1148300,502,152361200
2015-12-21,130.0,130.5,131.0,129.0,-2.0,-1,242026,208,31541510
2015-12-22,132.0,131.0,132.5,130.0,0.5,1,333000,262,43637000
2015-12-23,130.5,128.0,131.0,128.0,-3.0,-1,419744,295,54141232
2015-12-24,129.0,128.0,130.0,127.5,0.0,0,416000,221,53394000
2015-12-25,128.0,126.5,128.5,126.5,-1.5,-1,199004,152,25416014
2015-12-28,127.0,122.0,127.0,121.5,-4.5,-1,311210,277,38370330
2015-12-29,120.5,115.0,121.5,115.0,-7.0,-1,441000,336,51503500
2015-12-30,116.0,117.5,118.0,116.0,2.5,1,146775,126,17184562
2015-12-31,117.5,123.5,125.0,117.5,6.0,1,261072,224,31808319
2016-01-04,125.0,115.5,125.0,115.5,-8.0,-1,346725,311,40944962
2016-01-05,113.0,114.5,116.0,113.0,-1.0,-1,110597,106,12698354
2016-01-06,114.5,112.5,114.5,111.5,-2.0,-1,120200,99,13610999
2016-01-07,112.5,104.0,112.5,102.0,-8.5,-1,366382,300,38917610
2016-01-08,100.5,107.0,108.0,100.5,3.0,1,169006,139,17756668
2016-01-11,106.0,105.0,106.0,104.0,-2.0,-1,119100,91,12507549
2016-01-12,105.5,106.0,106.0,105.0,1.0,1,119000,101,12554000
2016-01-13,107.0,109.0,110.5,107.0,3.0,1,108250,87,11787375
2016-01-14,107.0,107.5,107.5,104.5,-1.5,-1,82050,64,8704450
2016-01-15,108.0,113.0,113.0,107.5,5.5,1,233150,198,25887900
2016-01-18,113.5,124.0,124.0,113.5,11.0,1,453491,347,54926884
2016-01-19,125.0,124.5,128.0,121.0,0.5,1,242525,217,30283834
2016-01-20,123.0,125.0,126.0,123.0,0.5,1,201311,133,24836564
2016-01-21,125.0,126.0,126.0,124.0,1.0,1,215200,140,26956200
2016-01-22,126.5,126.5,128.5,124.0,0.5,1,181255,123,23028385
2016-01-25,128.0,127.5,128.0,125.5,1.0,1,110030,93,13973310
2016-01-26,126.0,128.0,129.5,125.0,0.5,1,102020,81,13069050
2016-01-27,128.0,127.5,129.0,127.0,-0.5,-1,93145,79,11925915
2016-01-28,127.0,127.5,127.5,126.5,0.0,0,102400,75,13016098
2016-01-29,127.0,127.5,128.5,126.0,0.0,0,74076,55,9413652
2016-01-30,127.0,128.0,128.0,126.5,0.5,1,54101,44,6887928
2016-02-01,128.0,128.5,129.5,128.0,0.5,1,139056,89,17925695
2016-02-02,127.5,128.0,129.0,127.5,-0.5,-1,95031,68,12216483
2016-02-03,127.0,127.5,128.0,127.0,-0.5,-1,50020,45,6384560
2016-02-15,124.0,126.5,126.5,124.0,-1.0,-1,78439,61,9877984
2016-02-16,126.5,128.0,128.5,124.5,1.5,1,137000,92,17382000
2016-02-17,128.0,128.0,128.5,127.0,0.0,0,55100,50,7040500
2016-02-18,127.0,128.0,129.0,127.0,0.0,0,61060,49,7818300
2016-02-19,128.0,129.0,130.0,127.5,1.0,1,96020,62,12381140
2016-02-22,128.5,130.0,130.0,128.0,1.0,1,78000,48,10084500
2016-02-23,129.5,129.0,130.5,127.5,-1.0,-1,107100,90,13857000
2016-02-24,130.0,132.0,132.0,128.5,3.0,1,230300,163,30091300
2016-02-25,132.0,130.0,134.0,130.0,-2.0,-1,74100,65,9749200
2016-02-26,129.0,130.5,131.5,128.5,0.5,1,77000,58,9989000
2016-03-01,131.0,130.5,131.5,129.0,0.0,0,53000,42,6882000
2016-03-02,131.0,130.0,131.5,129.0,-0.5,-1,104000,62,13585500
2016-03-03,131.0,131.0,132.0,129.0,1.0,1,108151,97,14163932
2016-03-04,130.0,130.5,131.5,129.0,-0.5,-1,59000,53,7699500
2016-03-07,129.0,131.0,132.0,129.0,0.5,1,156002,108,20460776
2016-03-08,130.0,130.0,130.5,129.0,-1.0,-1,47050,31,6108100
2016-03-09,130.0,131.0,131.5,130.0,1.0,1,225122,109,29475104
2016-03-10,131.0,130.0,131.0,129.5,-1.0,-1,60040,48,7837580
2016-03-11,129.5,130.5,130.5,129.0,0.5,1,86000,46,11173000
2016-03-14,130.0,130.0,130.0,129.5,-0.5,-1,76100,47,9878700
2016-03-15,129.5,129.0,130.0,128.5,-1.0,-1,66100,57,8531750
2016-03-16,129.0,129.0,129.5,129.0,0.0,0,72620,66,9367860
2016-03-17,128.5,131.5,131.5,128.0,2.5,1,344100,155,44787550
2016-03-18,129.5,129.0,130.0,129.0,-2.5,-1,29216,30,3776080
2016-03-21,129.0,128.0,129.0,127.0,-1.0,-1,46340,44,5906700
2016-03-22,127.0,124.5,127.0,124.0,-3.5,-1,81053,66,10139390
2016-03-23,125.0,124.0,125.0,123.5,-0.5,-1,22071,21,2733767
2016-03-24,124.0,122.5,124.0,120.5,-1.5,-1,61010,54,7432740
2016-03-25,122.5,125.0,125.0,122.0,2.5,1,28000,23,3456000
2016-03-28,129.0,129.0,131.5,128.5,4.0,1,118142,102,15325460
2016-03-29,129.0,128.0,129.0,127.0,-1.0,-1,57009,46,7281188
2016-03-30,128.0,127.5,128.0,127.5,-0.5,-1,18000,16,2299500
2016-03-31,127.5,127.0,128.0,127.0,-0.5,-1,10000,9,1272500
2016-04-01,127.0,127.0,127.5,126.5,0.0,0,16000,11,2032000
2016-04-06,126.0,127.0,127.5,126.0,0.0,0,37000,36,4683000
2016-04-07,128.0,126.0,128.0,126.0,-1.0,-1,34117,31,4320242
2016-04-08,126.0,126.0,127.0,126.0,0.0,0,34000,26,4294000
2016-04-11,126.0,127.0,128.0,126.0,1.0,1,29000,23,3681500
2016-04-12,127.0,127.0,127.0,126.5,0.0,0,21000,14,2665500
2016-04-13,127.0,127.5,128.0,127.0,0.5,1,29100,25,3704450
2016-04-14,127.0,127.5,127.5,127.0,0.0,0,19000,15,2419500
2016-04-15,127.5,127.5,127.5,127.5,0.0,0,24000,18,3060000
2016-04-18,127.5,128.0,128.0,127.0,0.5,1,55046,22,7018388
2016-04-19,127.5,127.0,127.5,126.5,-1.0,-1,57040,35,7237040
2016-04-20,127.0,127.0,127.5,127.0,0.0,0,41040,33,5227620
2016-04-21,127.0,127.0,127.5,126.5,0.0,0,73000,21,9269000
2016-04-22,126.5,127.0,127.5,126.5,0.0,0,21051,16,2666426
2016-04-25,126.5,128.5,129.0,126.0,1.5,1,73000,53,9342500
2016-04-26,127.0,130.0,130.0,127.0,1.5,1,71000,42,9167500
2016-04-27,128.0,130.0,130.5,128.0,0.0,0,86000,57,11164500
2016-04-28,130.0,130.0,130.0,128.0,0.0,0,79100,55,10237400
2016-04-29,128.5,130.5,130.5,128.5,0.5,1,69000,42,8957000
2016-05-03,130.0,130.5,131.0,129.0,0.0,0,55000,38,7163000
2016-05-04,130.0,130.0,130.0,129.5,-0.5,-1,51000,34,6628000
2016-05-05,129.5,130.5,130.5,128.5,0.5,1,78260,20,10158040
2016-05-06,130.5,129.5,130.5,129.0,-1.0,-1,47068,34,6117204
2016-05-09,130.0,131.5,132.0,129.0,2.0,1,190093,144,24992090
2016-05-10,131.5,131.0,131.5,131.0,-0.5,-1,12882,14,1691660
2016-05-11,131.0,131.0,131.5,130.0,0.0,0,44000,33,5761000
2016-05-12,131.0,130.0,131.5,130.0,-1.0,-1,43000,27,5608500
2016-05-13,128.5,129.0,130.5,128.5,-1.0,-1,31048,23,4019192
2016-05-16,129.0,129.0,129.0,128.5,0.0,0,34000,19,4385500
2016-05-17,128.5,132.0,132.5,128.5,3.0,1,199000,117,26066000
2016-05-18,132.0,131.0,132.0,130.0,-1.0,-1,21021,19,2755740
2016-05-19,130.5,129.0,131.0,129.0,-2.0,-1,4000,4,520000
2016-05-20,129.0,131.5,131.5,129.0,2.5,1,30000,20,3932500
2016-05-23,131.0,131.5,131.5,131.0,0.0,0,90700,40,11914000
2016-05-24,131.0,130.5,131.0,130.5,-1.0,-1,32000,11,4190500
2016-05-25,130.0,131.0,131.0,130.0,0.5,1,67315,25,8782450
2016-05-26,131.0,130.0,131.0,129.5,-1.0,-1,78000,25,10177500
2016-05-27,129.0,132.0,132.0,129.0,2.0,1,242150,99,31837150
2016-05-30,130.5,130.0,130.5,129.5,-2.0,-1,23000,10,2995500
2016-05-31,130.0,129.0,130.0,129.0,-1.0,-1,11003,13,1420890
2016-06-01,129.0,128.0,129.5,128.0,-1.0,-1,19000,12,2439500
2016-06-02,127.5,129.0,129.0,127.5,1.0,1,3000,3,384500
2016-06-03,126.0,127.5,127.5,126.0,-1.5,-1,19296,13,2450296
2016-06-04,127.0,127.0,127.0,127.0,-0.5,-1,3030,4,384780
2016-06-06,127.0,127.0,127.0,126.5,0.0,0,6000,4,761500
2016-06-07,127.5,127.5,127.5,127.5,0.5,1,1000,1,127500
2016-06-08,128.0,128.0,128.0,128.0,0.5,1,1000,1,128000
2016-06-13,126.5,128.0,128.0,126.5,0.0,0,12030,10,1531855
2016-06-14,,,,,0.0,0,0,0,0
2016-06-15,129.5,127.5,129.5,127.5,0.0,0,8000,4,1028500
2016-06-16,129.0,129.0,129.0,129.0,1.5,1,1055,3,136067
2016-06-17,127.5,128.0,128.0,127.5,-1.0,-1,3000,3,383000
2016-06-20,129.0,127.0,129.0,127.0,-1.0,-1,5000,5,639500
2016-06-21,127.5,127.5,128.5,127.5,0.5,1,3000,3,383500
2016-06-22,127.5,127.5,127.5,127.0,0.0,0,18000,14,2292500
2016-06-23,127.5,127.5,127.5,127.5,0.0,0,6000,5,765000
2016-06-24,128.0,127.5,128.0,127.0,0.0,0,29060,18,3704560
2016-06-27,128.0,127.5,128.0,127.5,0.0,0,19406,9,2474656
2016-06-28,127.5,127.5,127.5,127.0,0.0,0,19000,12,2419500
2016-06-29,127.5,127.5,127.5,127.0,0.0,0,31000,14,3951500
2016-06-30,127.5,127.5,127.5,127.0,0.0,0,12000,9,1529500
2016-07-01,127.5,127.5,127.5,127.5,0.0,0,7000,7,892500
2016-07-04,127.5,127.0,127.5,127.0,-0.5,-1,11000,9,1402000
2016-07-05,127.0,127.0,127.0,127.0,0.0,0,7000,7,889000
2016-07-06,127.0,127.5,127.5,127.0,0.5,1,37000,17,4708000
2016-07-07,127.5,127.0,127.5,127.0,-0.5,-1,22000,10,2803500
2016-07-11,127.0,127.0,127.5,127.0,0.0,0,48000,25,6099500
2016-07-12,127.0,127.0,127.5,127.0,0.0,0,9050,9,1149875
2016-07-13,127.0,127.5,127.5,127.0,0.5,1,60307,25,7662296
2016-07-14,127.0,127.0,128.0,127.0,-0.5,-1,26277,14,3342817
2016-07-15,127.5,127.5,127.5,127.5,0.5,1,20000,12,2550000
2016-07-18,127.5,128.5,128.5,127.5,1.0,1,8000,6,1021500
2016-07-19,127.5,127.5,128.5,127.5,-1.0,-1,20004,12,2551508
2016-07-20,128.5,127.5,128.5,127.5,0.0,0,9000,9,1152000
2016-07-21,128.0,128.5,130.0,127.5,1.0,1,28030,20,3613385
2016-07-22,128.5,128.0,128.5,128.0,-0.5,-1,6060,5,776740
2016-07-25,128.0,128.5,128.5,128.0,0.5,1,9000,8,1154000
2016-07-26,128.0,128.0,128.0,128.0,-0.5,-1,4000,3,512000
2016-07-27,128.0,128.5,128.5,128.0,0.5,1,8001,9,1027129
2016-07-28,128.5,129.0,129.0,128.5,0.5,1,11063,10,1426595
2016-07-29,129.0,129.0,129.0,129.0,0.0,0,2268,4,294313
2016-08-01,129.0,129.0,129.0,128.5,0.0,0,3000,3,386500
2016-08-02,129.0,129.5,130.0,129.0,0.5,1,16000,16,2077000
2016-08-03,129.0,130.0,130.0,129.0,0.5,1,19075,15,2469325
2016-08-04,129.5,129.0,129.5,129.0,-1.0,-1,11000,11,1422500
2016-08-05,129.5,129.0,129.5,129.0,0.0,0,7000,7,905500
2016-08-08,129.5,129.5,129.5,129.5,0.5,1,13000,10,1683500
2016-08-09,129.5,129.5,129.5,129.0,0.0,0,12000,12,1551500
2016-08-10,129.5,129.0,130.0,129.0,-0.5,-1,11000,10,1424500
2016-08-11,129.0,128.0,129.5,128.0,-1.0,-1,10060,9,1295330
2016-08-12,128.0,129.0,129.0,128.0,1.0,1,7000,7,901000
2016-08-15,129.5,129.5,130.0,129.5,0.5,1,23000,19,2979500
2016-08-16,129.5,128.5,129.5,128.5,-1.0,-1,17050,12,2205975
2016-08-17,128.5,129.5,129.5,128.5,1.0,1,34790,37,4508390
2016-08-18,130.0,129.5,130.0,129.0,0.0,0,60040,55,7772720
2016-08-19,123.5,123.0,124.5,123.0,0.0,0,39790,42,4917380
2016-08-22,120.0,121.0,122.5,120.0,-2.0,-1,16110,18,1954310
2016-08-23,122.0,121.5,122.0,121.5,0.5,1,8000,8,974000
2016-08-24,124.0,123.0,124.0,123.0,1.5,1,14000,11,1732000
2016-08-25,123.5,123.5,124.0,123.5,0.5,1,26000,21,3218500
2016-08-26,124.0,124.0,124.5,124.0,0.5,1,14000,13,1739000
2016-08-29,125.0,125.0,126.0,125.0,1.0,1,44008,36,5514000
2016-08-30,124.5,124.5,125.0,124.5,-0.5,-1,12000,9,1497500
2016-08-31,124.5,124.5,125.0,124.5,0.0,0,17000,14,2118500
2016-09-01,124.5,124.5,125.0,124.0,0.0,0,25000,15,3112000
2016-09-02,125.5,125.5,125.5,124.5,1.0,1,20000,19,2501500
2016-09-05,126.0,125.5,126.0,124.5,0.0,0,15065,15,1889157
2016-09-06,125.5,126.0,126.0,125.0,0.5,1,13000,13,1633000
2016-09-07,126.0,126.0,126.0,125.0,0.0,0,11000,8,1383000
2016-09-08,125.5,125.5,125.5,125.0,-0.5,-1,16000,11,2003500
2016-09-09,125.0,126.0,126.0,125.0,0.5,1,9028,11,1134028
2016-09-10,126.0,126.0,126.0,125.5,0.0,0,15001,16,1888126
2016-09-12,126.0,126.0,126.0,125.0,0.0,0,20126,19,2532250
2016-09-13,126.0,126.0,126.0,125.5,0.0,0,39000,30,4908000
2016-09-14,126.0,126.5,126.5,126.0,0.5,1,16050,17,2023250
2016-09-19,127.0,127.0,127.0,126.0,0.5,1,11000,11,1395500
2016-09-20,126.5,126.5,127.0,126.0,-0.5,-1,7107,9,898642
2016-09-21,126.5,126.0,127.0,126.0,-0.5,-1,48000,37,6086000
2016-09-22,126.5,127.0,127.0,126.5,1.0,1,26100,24,3310650
2016-09-23,127.5,127.5,127.5,127.0,0.5,1,18000,16,2293500
2016-09-26,127.0,127.0,127.5,127.0,-0.5,-1,34000,27,4322000
2016-09-29,127.0,126.5,127.5,126.5,-0.5,-1,36000,34,4584000
2016-09-30,127.0,127.0,127.0,126.0,0.5,1,27119,22,3433232
2016-10-03,127.0,127.0,127.0,127.0,0.0,0,281000,18,35687000
2016-10-04,127.5,127.0,128.0,127.0,0.0,0,351100,26,44613200
2016-10-05,127.0,127.0,128.0,127.0,0.0,0,78100,20,9944200
2016-10-06,127.0,128.0,128.0,127.0,1.0,1,24426,17,3119102
2016-10-07,128.0,127.5,128.0,127.5,-0.5,-1,22000,11,2815500
2016-10-11,127.5,128.0,128.5,127.0,0.5,1,34000,26,4355000
2016-10-12,128.0,129.5,129.5,128.0,1.5,1,54000,43,6949500
2016-10-13,129.5,130.5,131.0,129.5,1.0,1,61000,47,7936000
2016-10-14,,,,,0.0,0,0,0,0
2016-10-17,134.5,132.5,143.5,132.5,0.0,0,179300,169,24843600
2016-10-18,132.5,131.5,132.5,131.0,-1.0,-1,65015,56,8592987
2016-10-19,132.0,131.5,133.0,131.5,0.0,0,58206,36,7683986
2016-10-20,131.0,130.0,131.0,128.5,-1.5,-1,31105,25,4026255
2016-10-21,130.0,130.5,130.5,129.0,0.5,1,22000,16,2859500
2016-10-24,130.0,129.5,130.5,129.5,-1.0,-1,17000,9,2210500
2016-10-25,130.5,128.5,130.5,127.5,-1.0,-1,12000,8,1546500
2016-10-26,130.0,132.0,132.0,130.0,3.5,1,13100,13,1711200
2016-10-27,132.0,131.0,133.0,131.0,-1.0,-1,5000,5,660000
2016-10-28,129.0,130.5,131.0,129.0,-0.5,-1,12362,10,1610698
2016-10-31,133.0,131.0,133.0,131.0,0.5,1,3030,6,398960
2016-11-01,132.0,127.0,132.0,127.0,-4.0,-1,5000,5,644000
2016-11-02,129.0,128.0,129.5,128.0,1.0,1,6280,6,808060
2016-11-03,127.5,127.0,128.5,127.0,-1.0,-1,19119,19,2435113
2016-11-04,127.0,126.5,127.0,125.0,-0.5,-1,29100,18,3680200
2016-11-07,126.0,126.5,126.5,126.0,0.0,0,2013,4,254144
2016-11-08,,,,,0.0,0,0,0,0
2016-11-09,126.5,125.0,127.0,125.0,0.0,0,15100,14,1901900
2016-11-10,126.0,127.5,127.5,126.0,2.5,1,11000,3,1392000
2016-11-11,125.0,126.0,126.0,125.0,-1.5,-1,4000,3,503000
2016-11-14,125.0,126.0,126.0,125.0,0.0,0,3090,5,387250
2016-11-15,125.5,126.0,126.5,125.0,0.0,0,13000,9,1635000
2016-11-16,125.5,127.0,127.0,125.5,1.0,1,9500,6,1197000
2016-11-17,130.0,126.0,130.0,126.0,-1.0,-1,3000,3,385500
2016-11-18,,,,,0.0,0,0,0,0
2016-11-21,126.5,126.5,126.5,126.5,0.0,0,1000,1,126500
2016-11-22,126.0,127.5,127.5,126.0,1.0,1,2000,2,253500
2016-11-23,126.0,126.0,126.0,126.0,-1.5,-1,3000,1,378000
2016-11-24,126.0,126.5,126.5,126.0,0.5,1,14000,5,1764500
2016-11-25,,,,,0.0,0,0,0,0
2016-11-28,126.5,126.5,126.5,126.5,0.0,0,2000,2,253000
2016-11-29,127.0,127.0,127.0,127.0,0.5,1,6110,4,776080
2016-11-30,127.0,129.5,130.0,127.0,2.5,1,15100,12,1927300
2016-12-01,129.5,127.5,129.5,127.5,-2.0,-1,11000,9,1422500
2016-12-02,127.0,127.0,127.0,127.0,-0.5,-1,2000,2,254000
2016-12-05,127.0,126.5,127.0,126.5,-0.5,-1,4000,4,507500
2016-12-06,127.0,127.0,127.0,126.5,0.5,1,13000,8,1650500
2016-12-07,127.0,126.5,127.0,126.0,-0.5,-1,15000,10,1896500
2016-12-08,126.5,126.5,127.0,126.0,0.0,0,31000,11,3919500
2016-12-09,126.5,126.5,126.5,126.5,0.0,0,2050,2,259250
2016-12-12,126.0,126.0,126.0,126.0,-0.5,-1,2000,2,252000
2016-12-13,126.5,126.5,126.5,126.5,0.5,1,2000,2,253000
2016-12-14,126.0,125.0,126.0,125.0,-1.5,-1,5030,6,629780
2016-12-15,125.5,126.0,126.0,125.5,1.0,1,14000,11,1763000
2016-12-16,126.0,125.5,126.0,125.5,-0.5,-1,6442,6,808308
2016-12-19,125.5,125.0,125.5,125.0,-0.5,-1,18115,9,2272760
2016-12-20,125.0,125.5,125.5,125.0,0.5,1,15000,12,1880000
2016-12-21,125.5,124.0,125.5,123.5,-1.5,-1,19185,13,2400125
2016-12-22,125.5,125.0,125.5,124.5,1.0,1,19000,11,2373000
2016-12-23,125.0,124.5,125.0,124.5,-0.5,-1,5000,4,623500
2016-12-26,124.5,125.0,125.0,124.5,0.5,1,5000,4,623500
2016-12-27,125.0,124.5,125.0,124.5,-0.5,-1,8000,4,998500
2016-12-28,125.0,125.0,125.0,125.0,0.5,1,1000,1,125000
2016-12-29,,,,,0.0,0,0,0,0
2016-12-30,125.0,124.5,125.0,124.5,0.0,0,26000,11,3239000
2017-01-03,125.0,125.0,125.0,125.0,0.5,1,3000,2,375000
2017-01-04,125.0,125.0,125.0,125.0,0.0,0,7000,6,875000
2017-01-05,124.5,124.5,124.5,124.5,-0.5,-1,3000,3,373500
2017-01-06,125.0,125.0,125.0,125.0,0.5,1,21088,8,2636088
2017-01-09,124.5,124.5,124.5,124.5,-0.5,-1,12000,8,1494000
2017-01-10,124.5,124.5,124.5,124.5,0.0,0,5040,3,627420
