date,OP,CP,HP,LP,DF,RD,TV,TC,TO
2016-05-31,99.0,95.2,102.0,95.2,0.0,0,3796149,2117,377727776
2016-06-01,95.3,96.0,98.0,94.0,0.8,1,944495,736,90722420
2016-06-02,96.0,93.4,96.3,93.3,-2.6,-1,560001,462,53010096
2016-06-03,93.7,94.5,95.8,93.7,1.1,1,366030,276,34677465
2016-06-04,94.0,93.7,95.0,93.5,-0.8,-1,245250,185,23050050
2016-06-06,94.7,98.3,99.5,93.4,4.6,1,1353000,981,131654299
2016-06-07,97.3,96.1,98.0,95.6,-2.2,-1,561200,457,54338999
2016-06-08,96.8,94.9,96.8,94.4,-1.2,-1,325156,265,30966620
2016-06-13,93.6,91.1,93.6,90.5,-3.8,-1,423211,360,38687012
2016-06-14,91.4,91.0,91.9,90.5,-0.1,-1,202060,173,18388620
2016-06-15,91.9,90.7,91.9,90.2,-0.3,-1,184000,155,16738700
2016-06-16,91.5,90.4,91.5,90.0,-0.3,-1,165566,141,14955657
2016-06-17,91.3,91.0,91.5,90.1,0.6,1,118000,97,10723300
2016-06-20,91.8,91.7,91.8,90.5,0.7,1,171000,125,15627500
2016-06-21,92.6,95.9,96.8,92.6,4.2,1,748010,601,71616688
2016-06-22,95.5,93.6,95.5,93.0,-2.3,-1,288000,232,27116400
2016-06-23,93.2,93.6,94.2,92.0,0.0,0,195000,152,18157900
2016-06-24,93.5,92.0,94.7,90.5,-1.6,-1,418000,310,38566400
2016-06-27,92.0,93.1,93.8,91.7,1.1,1,232000,143,21493500
2016-06-28,92.8,96.9,98.6,92.8,3.8,1,846020,610,81594198
2016-06-29,96.3,96.0,98.1,94.9,-0.9,-1,575000,417,55568500
2016-06-30,96.0,95.2,97.0,95.1,-0.8,-1,233000,171,22338800
2016-07-01,95.2,95.2,95.5,93.7,0.0,0,317500,249,29975699
2016-07-04,95.0,96.7,97.3,95.0,1.5,1,573000,397,55341600
2016-07-05,96.7,94.7,96.9,94.0,-2.0,-1,413150,316,39441930
2016-07-06,95.2,94.7,95.6,94.2,0.0,0,267097,212,25360609
2016-07-07,94.7,96.4,98.1,94.7,1.7,1,820003,592,79326596
2016-07-11,97.6,96.5,97.6,94.2,0.1,1,607281,496,58534044
2016-07-12,96.8,96.5,98.0,96.4,0.0,0,328500,260,31869950
2016-07-13,96.7,95.9,96.7,94.9,-0.6,-1,378190,285,36139435
2016-07-14,96.3,95.9,96.4,94.8,0.0,0,256000,205,24442800
2016-07-15,95.4,95.2,95.5,95.0,-0.7,-1,201000,148,19149400
2016-07-18,96.3,96.3,97.5,96.2,1.1,1,335000,260,32399000
2016-07-19,95.5,95.1,95.7,94.3,-1.2,-1,256000,213,24336400
2016-07-20,94.6,94.1,94.8,93.8,-1.0,-1,242000,186,22774300
2016-07-21,94.6,94.2,95.3,94.1,0.1,1,198100,153,18749280
2016-07-22,94.2,93.5,94.2,92.9,-0.7,-1,279000,190,26031700
2016-07-25,93.2,92.8,93.6,92.5,-0.7,-1,136035,109,12639383
2016-07-26,92.8,93.9,94.1,92.5,1.1,1,149000,118,13851400
2016-07-27,94.3,94.0,94.5,93.2,0.1,1,216211,162,20304960
2016-07-28,93.3,93.6,94.0,93.0,-0.4,-1,104000,81,9709300
2016-07-29,93.6,93.0,93.6,92.5,-0.6,-1,90000,79,8360500
2016-08-01,93.0,93.4,93.8,92.0,0.4,1,216000,147,20016800
2016-08-02,92.8,93.6,93.6,92.8,0.2,1,124000,84,11553000
2016-08-03,92.7,92.5,93.7,92.2,-1.1,-1,175000,140,16245900
2016-08-04,92.0,93.3,94.5,91.9,0.8,1,367943,278,34231613
2016-08-05,93.0,92.7,93.3,92.6,-0.6,-1,135678,106,12601008
2016-08-08,92.7,89.9,92.7,89.9,-2.8,-1,347100,268,31624420
2016-08-09,88.7,81.0,88.7,81.0,-8.9,-1,1191905,811,98502005
2016-08-10,78.3,78.4,80.9,77.7,-2.6,-1,463757,333,36429703
2016-08-11,79.4,79.6,80.4,78.3,1.2,1,379245,241,30124175
2016-08-12,80.0,80.7,81.0,79.0,1.1,1,371453,186,29773664
2016-08-15,81.1,80.7,81.4,80.1,0.0,0,318400,183,25672978
2016-08-16,77.2,77.7,78.5,76.9,0.0,0,162266,123,12591534
2016-08-17,77.6,77.5,78.6,76.4,-0.2,-1,90288,68,6961621
2016-08-18,77.0,76.8,77.0,75.9,-0.7,-1,80031,66,6120802
2016-08-19,76.5,75.4,76.8,74.5,-1.4,-1,167288,141,12622783
2016-08-22,76.0,72.6,76.0,71.2,-2.8,-1,206284,155,15062646
2016-08-23,73.8,74.2,74.5,72.6,1.6,1,129000,101,9476100
2016-08-24,74.2,73.9,74.3,73.2,-0.3,-1,83000,70,6109300
2016-08-25,74.6,73.9,74.6,73.3,0.0,0,85001,57,6259773
2016-08-26,74.0,72.6,74.0,72.6,-1.3,-1,76001,54,5561973
2016-08-29,72.0,73.4,74.4,72.0,0.8,1,74000,55,5409000
2016-08-30,73.4,73.0,73.8,72.0,-0.4,-1,115000,75,8382200
2016-08-31,73.2,73.0,73.5,72.6,0.0,0,94027,60,6864989
2016-09-01,73.0,73.0,73.2,72.7,0.0,0,90000,65,6560100
2016-09-02,73.0,79.7,80.3,73.0,6.7,1,596500,462,46742400
2016-09-05,79.6,78.4,79.6,78.0,-1.3,-1,234000,164,18431700
2016-09-06,78.4,86.2,86.2,78.2,7.8,1,793661,442,66318677
2016-09-07,89.0,90.5,94.7,87.4,4.3,1,1251489,860,114148412
2016-09-08,90.1,92.8,93.9,88.0,2.3,1,799300,596,73237709
2016-09-09,93.5,94.2,97.5,92.4,1.4,1,1327300,921,126496830
2016-09-10,93.0,92.0,93.0,90.2,-2.2,-1,494000,386,45195700
2016-09-12,92.0,90.1,92.3,87.5,-1.9,-1,377061,285,33820581
2016-09-13,90.3,88.5,91.3,88.4,-1.6,-1,258100,213,23098600
2016-09-14,87.3,87.9,89.0,85.8,-0.6,-1,311050,253,27074110
2016-09-19,88.7,86.6,88.7,86.6,-1.3,-1,244000,185,21301200
2016-09-20,86.0,88.2,90.8,86.0,1.6,1,406000,318,36146600
2016-09-21,87.5,89.0,90.2,87.5,0.8,1,253100,200,22505849
2016-09-22,89.1,88.8,89.3,88.1,-0.2,-1,225026,172,19933814
2016-09-23,88.6,89.4,90.0,88.3,0.6,1,205331,171,18316690
2016-09-26,89.4,88.0,89.4,88.0,-1.4,-1,128000,110,11329500
2016-09-29,89.2,90.4,91.4,88.8,2.4,1,496010,375,44869108
2016-09-30,90.0,89.9,90.4,89.2,-0.5,-1,228100,160,20512320
2016-10-03,90.6,94.3,94.6,90.1,4.4,1,1051585,805,97624838
2016-10-04,94.6,93.5,96.2,93.4,-0.8,-1,897430,685,84932717
2016-10-05,93.5,93.2,95.1,93.0,-0.3,-1,564000,411,53075400
2016-10-06,94.0,91.6,94.0,91.4,-1.6,-1,351000,284,32480000
2016-10-07,91.1,90.4,92.2,89.8,-1.2,-1,277200,231,25269660
2016-10-11,91.8,87.4,93.0,81.4,-3.0,-1,538200,413,47092040
2016-10-12,86.3,86.0,86.9,84.3,-1.4,-1,179025,159,15350440
2016-10-13,86.0,85.1,86.0,84.3,-0.9,-1,94020,80,8024312
2016-10-14,85.3,82.4,85.3,81.5,-2.7,-1,213256,148,17764718
2016-10-17,82.5,82.5,83.1,82.0,0.1,1,74015,60,6102145
2016-10-18,82.8,83.4,84.8,82.7,0.9,1,67001,55,5606684
2016-10-19,84.5,83.0,84.5,82.2,-0.4,-1,118000,102,9800300
2016-10-20,83.0,83.0,83.3,82.3,0.0,0,140000,105,11600600
2016-10-21,84.0,82.7,84.0,82.6,-0.3,-1,123000,87,10195100
2016-10-24,83.0,83.1,83.5,82.7,0.4,1,64000,56,5313100
2016-10-25,83.3,83.5,84.0,83.3,0.4,1,92000,84,7689400
2016-10-26,84.0,81.5,84.0,80.9,-2.0,-1,149100,124,12250830
2016-10-27,81.0,83.2,85.5,81.0,1.7,1,184250,164,15333375
2016-10-28,83.2,81.0,83.3,80.7,-2.2,-1,151450,122,12333010
2016-10-31,80.0,79.5,80.7,78.8,-1.5,-1,169000,123,13404200
2016-11-01,79.9,76.0,79.9,75.0,-3.5,-1,350200,270,26938600
2016-11-02,73.5,72.5,74.9,70.0,-3.5,-1,589110,425,42540130
2016-11-03,73.4,72.2,73.4,71.6,-0.3,-1,173028,157,12530000
2016-11-04,68.0,68.1,68.7,65.0,-4.1,-1,907050,625,60190250
2016-11-07,63.5,61.7,65.1,61.5,-6.4,-1,780300,488,48991930
2016-11-08,61.8,62.9,63.5,61.8,1.2,1,317100,201,19808750
2016-11-09,63.0,60.4,63.2,60.0,-2.5,-1,224000,164,13678400
2016-11-10,61.2,61.7,62.4,61.2,1.3,1,225000,133,13922300
2016-11-11,61.0,60.6,61.7,59.2,-1.1,-1,160000,114,9738700
2016-11-14,60.2,62.0,63.0,60.2,1.4,1,126020,93,7776932
2016-11-15,62.8,62.0,62.8,60.9,0.0,0,107000,74,6589200
2016-11-16,61.2,61.0,62.1,60.9,-1.0,-1,194000,60,11865600
2016-11-17,60.6,58.3,60.6,57.8,-2.7,-1,337310,255,19782611
2016-11-18,58.5,58.7,59.8,58.0,0.4,1,148000,94,8729100
2016-11-21,58.3,58.8,59.2,58.2,0.1,1,135030,88,7929457
2016-11-22,59.1,58.9,59.6,58.7,0.1,1,163000,111,9621600
2016-11-23,59.2,64.7,64.7,59.2,5.8,1,556000,357,35484300
2016-11-24,63.9,71.1,71.1,63.8,6.4,1,1165168,693,80782843
2016-11-25,74.0,74.5,77.0,72.5,3.4,1,1180230,835,88396081
2016-11-28,77.5,73.6,77.5,73.5,-0.9,-1,704110,493,53333240
2016-11-29,72.5,69.5,73.3,68.5,-4.1,-1,536128,408,37876234
2016-11-30,69.3,69.2,71.6,68.2,-0.3,-1,345000,276,24105800
2016-12-01,69.0,68.1,69.0,67.7,-1.1,-1,196000,168,13379300
2016-12-02,67.4,70.8,72.0,67.4,2.7,1,203000,176,14236800
2016-12-05,70.5,70.4,71.1,69.5,-0.4,-1,219177,158,15437543
2016-12-06,70.1,69.0,70.3,68.3,-1.4,-1,215000,166,14864800
2016-12-07,68.9,69.3,69.3,68.0,0.3,1,186000,146,12734600
2016-12-08,68.9,69.5,70.0,68.5,0.2,1,155050,113,10714290
2016-12-09,69.3,71.4,72.0,69.1,1.9,1,304090,237,21541242
2016-12-12,75.6,70.5,76.7,70.5,-0.9,-1,1125000,819,83135700
2016-12-13,71.0,70.8,73.7,70.5,0.3,1,460000,379,32993400
2016-12-14,70.8,69.6,71.5,69.6,-1.2,-1,264010,210,18547700
2016-12-15,69.6,70.9,70.9,69.0,1.3,1,176020,127,12339220
2016-12-16,71.3,70.1,71.5,70.0,-0.8,-1,158000,141,11155400
2016-12-19,70.9,70.8,71.8,70.1,0.7,1,209000,182,14854700
2016-12-20,71.0,71.2,71.5,70.8,0.4,1,209000,154,14849900
2016-12-21,70.9,70.7,71.2,70.2,-0.5,-1,138000,104,9742100
2016-12-22,70.7,71.3,73.4,70.7,0.6,1,560070,433,40443540
2016-12-23,71.5,71.3,71.6,70.6,0.0,0,167000,133,11883700
2016-12-26,71.5,71.1,71.9,70.6,-0.2,-1,128000,99,9089700
2016-12-27,71.3,71.0,71.7,70.8,-0.1,-1,112000,95,7957500
2016-12-28,71.2,72.1,72.3,71.2,1.1,1,292000,187,20993000
2016-12-29,71.7,72.2,72.3,71.6,0.1,1,120060,92,8632074
2016-12-30,72.6,72.2,72.6,71.8,0.0,0,167000,123,12060000
2017-01-03,72.4,73.2,73.3,71.5,1.0,1,295010,244,21445532
2017-01-04,73.4,73.1,73.4,72.7,-0.1,-1,323000,208,23545600
2017-01-05,73.3,73.1,73.3,72.7,0.0,0,264000,154,19283000
2017-01-06,73.1,72.9,73.3,72.1,-0.2,-1,316000,211,23005700
2017-01-09,73.0,72.3,73.1,72.0,-0.6,-1,197005,113,14251867
2017-01-10,73.9,73.7,74.0,72.2,1.4,1,730300,570,53450969
2017-01-11,73.7,73.4,73.7,72.9,-0.3,-1,282204,214,20699998
2017-01-12,73.6,73.3,74.3,72.9,-0.1,-1,367500,276,27023049
2017-01-13,73.9,80.6,80.6,73.8,7.3,1,3049398,1920,239171378
2017-01-16,84.6,82.5,85.2,81.5,1.9,1,3553172,2542,297208583
2017-01-17,82.3,82.8,83.3,81.7,0.3,1,814400,634,67267219
2017-01-18,82.7,86.3,88.5,82.5,3.5,1,2715433,2096,233923853
2017-01-19,86.3,83.3,86.5,83.2,-3.0,-1,1222021,941,103824457
2017-01-20,83.5,82.6,84.4,82.2,-0.7,-1,481907,412,40071963
2017-01-23,83.0,81.0,83.0,80.6,-1.6,-1,697105,512,56987105
2017-01-24,81.0,81.7,84.3,81.0,0.7,1,1155050,855,95506100
2017-02-02,83.0,81.0,83.2,81.0,-0.7,-1,458600,360,37660020
2017-02-03,82.0,80.8,82.0,80.3,-0.2,-1,527746,402,42743301
2017-02-06,81.9,81.3,84.9,81.3,0.5,1,891150,653,73769694
2017-02-07,81.5,80.2,81.6,80.1,-1.1,-1,431425,336,34843727
2017-02-08,80.3,78.3,80.9,76.4,-1.9,-1,909100,681,70933680
2017-02-09,80.0,79.6,80.8,78.6,1.3,1,581225,410,46203377
2017-02-10,79.4,77.0,79.8,77.0,-2.6,-1,706300,493,54977350
2017-02-13,77.0,77.0,78.0,75.6,0.0,0,358000,262,27579700
2017-02-14,77.2,77.0,78.0,76.4,0.0,0,322200,216,24828100
2017-02-15,77.3,77.2,78.1,77.0,0.2,1,260001,196,20169184
2017-02-16,77.8,76.6,77.8,76.5,-0.6,-1,236000,198,18120100
2017-02-17,76.3,75.7,76.4,75.6,-0.9,-1,286000,233,21683300
2017-02-18,76.0,76.1,76.2,75.0,0.4,1,237000,186,17917200
2017-02-20,76.6,76.7,78.0,76.0,0.6,1,320050,257,24644075
2017-02-21,77.3,77.2,77.3,76.1,0.5,1,212101,175,16297478
2017-02-22,77.2,76.8,77.7,76.8,-0.4,-1,227220,163,17544540
2017-02-23,77.1,75.7,77.1,75.7,-1.1,-1,222000,181,16932100
2017-02-24,75.9,75.8,76.8,75.8,0.1,1,111099,80,8450804
2017-03-01,77.2,75.8,77.2,75.5,0.0,0,125000,105,9484400
2017-03-02,76.0,74.6,76.5,74.6,-1.2,-1,200200,151,15059180
2017-03-03,74.3,75.0,75.2,74.2,0.4,1,144000,99,10779300
2017-03-06,75.3,75.6,76.0,74.9,0.6,1,140000,96,10550100
2017-03-07,76.9,78.5,80.2,76.9,2.9,1,1423065,983,112176970
2017-03-08,78.6,77.6,79.4,77.4,-0.9,-1,475064,368,37076366
2017-03-09,79.0,78.1,79.0,77.9,0.5,1,331100,268,25936000
2017-03-10,78.5,77.6,78.5,76.7,-0.5,-1,288000,210,22352000
2017-03-13,78.1,80.2,81.3,77.2,2.6,1,895234,645,71382220
2017-03-14,81.5,79.5,82.3,79.1,-0.7,-1,1614030,1155,130988396
2017-03-15,79.9,79.8,80.0,79.0,0.3,1,342481,257,27205042
2017-03-16,,,,,0.0,0,0,0,0
2017-03-17,83.0,80.2,83.5,80.2,0.0,0,1250478,911,102065731
2017-03-20,80.8,82.8,83.5,80.4,2.6,1,1450106,989,119406062
2017-03-21,83.5,81.6,83.9,81.6,-1.2,-1,622220,486,51309720
2017-03-22,80.1,80.1,81.0,79.6,-1.5,-1,566100,392,45379090
2017-03-23,80.1,81.3,83.1,80.1,1.2,1,859498,611,70421638
2017-03-24,82.7,81.4,82.8,80.9,0.1,1,473000,358,38703900
2017-03-27,81.4,78.5,81.4,78.5,-2.9,-1,644080,455,51455271
2017-03-28,78.9,79.5,80.2,77.2,1.0,1,620100,443,49001080
2017-03-29,81.3,80.0,81.3,79.4,0.5,1,242000,208,19358700
2017-03-30,80.1,82.3,82.3,79.6,2.3,1,902308,670,73386716
2017-03-31,82.9,86.0,87.7,82.8,3.7,1,3162701,2267,268598986
2017-04-05,89.0,89.0,93.4,88.3,3.0,1,3925515,2798,355435930
2017-04-06,88.6,91.3,92.9,87.9,2.3,1,2768065,1938,250934915
2017-04-07,92.0,96.0,97.8,91.9,4.7,1,5508923,3897,521807108
2017-04-10,96.3,98.0,99.7,93.1,2.0,1,5927896,4010,573038925
2017-04-11,98.3,94.1,99.6,93.7,-3.9,-1,2817012,2100,271636127
2017-04-12,94.9,93.9,96.4,92.6,-0.2,-1,2283500,1612,215833199
2017-04-13,94.0,92.2,95.5,92.2,-1.7,-1,1464600,1030,137392240
2017-04-14,92.3,93.0,98.2,92.0,0.8,1,4364415,3089,416652395
2017-04-17,94.8,99.9,99.9,92.7,6.9,1,3989389,2856,385769736
2017-04-18,102.0,98.0,104.0,97.0,-1.9,-1,4703408,3258,472038477
2017-04-19,97.0,104.5,104.5,96.3,6.5,1,4956765,3418,497672136
2017-04-20,102.5,101.0,109.0,99.0,-3.5,-1,6940592,4827,723233995
2017-04-21,101.0,98.4,102.0,97.5,-2.6,-1,3252812,2343,322908240
2017-04-24,98.6,93.1,100.0,93.1,-5.3,-1,2998822,2260,289941323
2017-04-25,94.0,93.2,95.8,92.9,0.1,1,2232505,1616,210222465
2017-04-26,94.6,95.0,96.9,93.4,1.8,1,2385830,1759,227436218
2017-04-27,94.0,87.1,95.0,86.4,-7.9,-1,6131945,4527,547787776
2017-04-28,88.3,87.1,88.7,87.1,0.0,0,1859594,1330,163046234
