date,OP,CP,HP,LP,DF,RD,TV,TC,TO
2015-12-22,215.0,215.0,219.0,200.0,0.0,0,17275626,12676,3671502964
2015-12-23,224.0,235.0,239.0,222.5,20.0,1,7774003,4966,1780809205
2015-12-24,232.0,225.0,232.0,223.0,-10.0,-1,3634020,2662,826881560
2015-12-25,228.0,226.5,230.0,220.0,1.5,1,1959797,1374,443238516
2015-12-28,230.0,226.0,234.0,225.0,-0.5,-1,1998043,1483,458505718
2015-12-29,225.0,219.5,225.5,214.0,-6.5,-1,3230360,1911,705986519
2015-12-30,223.0,222.0,227.5,219.0,2.5,1,2167291,1357,481356119
2015-12-31,222.0,226.0,228.0,218.5,4.0,1,1671300,1033,373732200
2016-01-04,223.0,212.0,223.5,211.0,-14.0,-1,3294422,1997,715740828
2016-01-05,208.5,217.5,222.0,205.0,5.5,1,4756549,2811,1028288584
2016-01-06,217.5,215.0,220.5,210.5,-2.5,-1,2432731,1552,525849165
2016-01-07,211.0,212.0,216.5,201.0,-3.0,-1,3902383,2184,814823617
2016-01-08,210.5,212.0,214.0,207.5,0.0,0,1740696,1032,368084552
2016-01-11,208.5,210.0,211.5,205.5,-2.0,-1,1555939,1166,325044751
2016-01-12,212.0,200.0,215.0,198.0,-10.0,-1,2483992,1601,510360892
2016-01-13,203.5,206.5,207.0,200.0,6.5,1,1690765,1153,346330971
2016-01-14,199.5,203.0,206.0,198.0,-3.5,-1,1527405,1052,308676416
2016-01-15,206.5,204.5,209.5,203.5,1.5,1,1351448,871,278264114
2016-01-18,200.0,207.0,207.5,200.0,2.5,1,953700,697,195592249
2016-01-19,207.0,219.0,219.5,205.5,12.0,1,2847147,1976,613157899
2016-01-20,217.0,217.0,226.0,216.5,-2.0,-1,3024196,2081,666781733
2016-01-21,219.0,215.0,220.0,211.5,-2.0,-1,1217890,812,263081850
2016-01-22,218.0,215.0,219.5,212.5,0.0,0,1124870,793,242185050
2016-01-25,216.5,218.0,219.5,214.0,3.0,1,1567761,1083,340993778
2016-01-26,216.0,218.0,219.0,215.0,0.0,0,1076260,648,234443920
2016-01-27,219.0,216.5,220.0,214.5,-1.5,-1,1488188,955,323221296
2016-01-28,215.5,224.0,224.0,215.0,7.5,1,2425405,1540,535138315
2016-01-29,225.0,223.0,225.0,219.5,-1.0,-1,1894191,1530,422736306
2016-01-30,224.5,231.0,234.0,221.5,8.0,1,3091733,1977,711901722
2016-02-01,231.0,227.0,233.0,227.0,-4.0,-1,1541000,1176,353954000
2016-02-02,228.0,228.0,230.5,222.5,1.0,1,2077679,1249,472078291
2016-02-03,227.0,228.0,229.0,223.0,0.0,0,1802597,1284,408842616
2016-02-15,219.0,231.0,231.5,218.5,3.0,1,2200549,1542,493912770
2016-02-16,229.0,226.0,229.0,225.5,-5.0,-1,827230,727,187425020
2016-02-17,224.0,226.5,227.0,222.0,0.5,1,1012264,758,227278900
2016-02-18,226.5,226.0,231.5,224.5,-0.5,-1,1556470,1205,355020220
2016-02-19,229.0,232.0,232.0,226.5,6.0,1,1741842,976,399508420
2016-02-22,232.5,241.5,244.5,230.0,9.5,1,2597150,1805,615968150
2016-02-23,241.0,250.0,252.0,240.5,8.5,1,3106865,2122,767470250
2016-02-24,247.5,245.0,250.0,243.0,-5.0,-1,1128418,970,277065910
2016-02-25,247.5,232.5,247.5,231.5,-12.5,-1,1591358,1324,377995272
2016-02-26,234.5,236.5,239.0,233.5,4.0,1,1334799,1021,314820961
2016-03-01,230.0,228.0,231.5,215.0,-8.5,-1,3624146,2525,810414434
2016-03-02,226.0,232.0,233.0,225.0,4.0,1,1694003,1199,388553690
2016-03-03,233.0,234.5,235.0,231.0,2.5,1,1170907,925,273118831
2016-03-04,231.0,230.5,235.0,228.5,-4.0,-1,834415,711,193578865
2016-03-07,231.0,235.0,239.0,230.5,4.5,1,914525,717,214368825
2016-03-08,235.0,234.5,235.5,232.5,-0.5,-1,681893,503,159712122
2016-03-09,234.5,238.5,239.5,234.5,4.0,1,675120,532,160112940
2016-03-10,239.5,237.0,239.5,234.5,-1.5,-1,670529,544,158476105
2016-03-11,237.5,237.0,238.5,235.5,0.0,0,422096,349,99880560
2016-03-14,238.5,233.0,241.0,232.0,-4.0,-1,812427,646,191156491
2016-03-15,232.0,222.5,233.0,222.5,-10.5,-1,1204259,824,273208624
2016-03-16,222.5,228.0,230.0,218.0,5.5,1,914459,811,206434152
2016-03-17,228.5,228.0,229.5,225.0,0.0,0,837320,594,190164460
2016-03-18,228.0,226.0,228.0,225.0,-2.0,-1,771263,492,174763831
2016-03-21,225.0,232.0,235.5,225.0,6.0,1,1272163,1010,295141816
2016-03-22,232.0,227.5,234.0,223.5,-4.5,-1,1948934,1313,445627617
2016-03-23,230.0,233.0,234.5,228.5,5.5,1,875533,762,202743623
2016-03-24,236.0,236.0,240.0,233.5,3.0,1,1696200,1260,403345899
2016-03-25,240.0,237.5,241.5,237.0,1.5,1,1100280,872,263914939
2016-03-28,240.0,237.5,241.0,237.0,0.0,0,552100,485,132161049
2016-03-29,237.5,234.0,238.0,230.5,-3.5,-1,531244,480,124103608
2016-03-30,233.0,231.0,235.0,231.0,-3.0,-1,640238,504,149182595
2016-03-31,231.5,230.0,235.5,228.5,-1.0,-1,861422,702,199120560
2016-04-01,230.0,226.0,232.0,225.0,-4.0,-1,706844,630,160970932
2016-04-06,228.0,243.5,243.5,227.0,17.5,1,2439256,1761,576379321
2016-04-07,243.5,246.0,252.5,238.5,2.5,1,2736988,2145,675903572
2016-04-08,246.5,248.5,253.0,244.5,2.5,1,925209,746,230474017
2016-04-11,250.0,251.5,254.5,248.5,3.0,1,1128102,905,284857548
2016-04-12,254.0,262.0,268.0,250.0,10.5,1,2296333,1719,597686075
2016-04-13,267.0,261.0,267.5,259.5,-1.0,-1,1137162,925,298045782
2016-04-14,262.0,256.5,262.5,252.0,-4.5,-1,717635,588,184127560
2016-04-15,254.0,264.5,264.5,254.0,8.0,1,894196,755,233327143
2016-04-18,264.5,268.0,273.0,264.0,3.5,1,1476451,1152,395984868
2016-04-19,268.0,270.0,278.0,265.0,2.0,1,1600114,1202,435649722
2016-04-20,268.0,260.0,269.0,256.5,-10.0,-1,848721,752,221746960
2016-04-21,259.5,263.0,264.5,257.5,3.0,1,631551,483,165557311
2016-04-22,262.0,258.0,263.0,253.5,-5.0,-1,566313,515,146343223
2016-04-25,257.0,256.5,258.5,256.0,-1.5,-1,512261,385,131838316
2016-04-26,258.0,257.0,262.5,254.5,0.5,1,836000,690,216112000
2016-04-27,256.5,256.0,258.0,253.5,-1.0,-1,338438,317,86871469
2016-04-28,257.0,256.0,257.0,254.0,0.0,0,408333,348,104220411
2016-04-29,253.5,254.0,255.5,248.0,-2.0,-1,551348,488,139403892
2016-05-03,253.5,254.0,254.5,249.5,0.0,0,348129,294,87826266
2016-05-04,253.5,265.0,268.0,252.5,11.0,1,1598260,1346,417209420
2016-05-05,263.0,275.0,278.0,263.0,10.0,1,1670573,1364,453508004
2016-05-06,276.0,266.0,276.0,264.0,-9.0,-1,1215899,1064,325602081
2016-05-09,266.5,259.0,266.5,252.0,-7.0,-1,1086728,890,281840052
2016-05-10,257.0,261.0,266.0,255.5,2.0,1,852278,667,223201474
2016-05-11,261.0,267.0,269.0,257.0,6.0,1,1684480,1248,445825660
2016-05-12,267.0,268.0,273.5,262.5,1.0,1,1201386,1042,322091176
2016-05-13,272.0,264.0,277.5,258.0,-4.0,-1,4278613,3332,1156424832
2016-05-16,264.0,278.5,280.5,264.0,14.5,1,2239588,1969,613425256
2016-05-17,277.5,275.0,278.0,270.5,-3.5,-1,1314878,1180,360033120
2016-05-18,275.0,274.0,279.0,268.0,-1.0,-1,1321649,1190,361232826
2016-05-19,274.0,282.5,286.5,274.0,8.5,1,3027743,2426,852504283
2016-05-20,279.0,288.0,288.0,277.5,5.5,1,1596445,1407,453622160
2016-05-23,289.0,284.0,292.5,284.0,-4.0,-1,2144207,1664,619454581
2016-05-24,284.0,289.0,293.5,283.0,5.0,1,4893391,1629,1386397890
2016-05-25,290.5,286.5,294.5,286.0,-2.5,-1,1205102,1112,348797323
2016-05-26,288.0,291.5,292.0,284.0,5.0,1,1564469,1355,451056275
2016-05-27,290.0,295.0,295.0,288.0,3.5,1,1794806,1602,524139158
2016-05-30,295.0,303.0,303.0,291.0,8.0,1,2429199,1910,719183796
2016-05-31,306.0,299.0,306.0,292.0,-4.0,-1,11554172,2835,3453081648
2016-06-01,299.5,286.5,299.5,284.5,-12.5,-1,1599431,1366,464086266
2016-06-02,286.5,281.0,293.0,277.0,-5.5,-1,1439753,1198,408157593
2016-06-03,282.0,282.0,283.0,279.0,1.0,1,745216,602,209148412
2016-06-04,284.5,280.0,284.5,276.5,-2.0,-1,268291,229,74724771
2016-06-06,283.0,272.0,283.0,270.0,-8.0,-1,881560,775,240722100
2016-06-07,275.0,282.0,282.5,272.5,10.0,1,1033308,925,286749974
2016-06-08,285.0,289.0,289.0,277.0,7.0,1,1093408,932,309145912
2016-06-13,289.0,285.0,289.0,282.5,-4.0,-1,847376,740,241757908
2016-06-14,285.0,287.5,287.5,283.0,2.5,1,360078,324,102898081
2016-06-15,287.5,288.0,289.5,285.5,0.5,1,591100,530,169939500
2016-06-16,293.0,289.0,293.0,284.5,1.0,1,730787,675,209851156
2016-06-17,291.0,291.0,291.5,287.5,2.0,1,492964,431,142769700
2016-06-20,290.0,288.5,292.0,284.5,-2.5,-1,581500,478,167731500
2016-06-21,289.0,283.0,289.0,279.5,-5.5,-1,827508,625,234629940
2016-06-22,282.0,285.0,285.0,276.0,2.0,1,509723,421,143661353
2016-06-23,286.5,284.5,286.5,280.0,-0.5,-1,295086,260,83733488
2016-06-24,286.0,281.0,286.0,275.5,-3.5,-1,601847,509,167989736
2016-06-27,282.0,283.5,283.5,279.0,2.5,1,259720,244,73004260
2016-06-28,284.0,288.5,292.0,280.5,5.0,1,759580,683,218653960
2016-06-29,290.0,290.0,293.5,288.0,1.5,1,294006,267,85397740
2016-06-30,293.5,293.0,294.5,290.5,3.0,1,794713,667,232800983
2016-07-01,294.0,289.0,294.0,286.5,-4.0,-1,381686,351,110616097
2016-07-04,287.5,285.0,288.0,284.0,-4.0,-1,322100,285,91925849
2016-07-05,285.5,285.0,286.0,283.0,0.0,0,204050,192,58052750
2016-07-06,284.5,276.5,284.5,276.0,-8.5,-1,654370,582,182248490
2016-07-07,278.0,279.0,280.0,274.0,2.5,1,662418,583,182564622
2016-07-11,282.5,284.5,292.5,281.5,5.5,1,987836,869,283958045
2016-07-12,287.0,297.0,302.0,286.5,12.5,1,1466978,1221,434485532
2016-07-13,302.0,297.0,303.0,292.5,0.0,0,1687500,1401,500069000
2016-07-14,291.0,298.0,300.0,290.5,0.0,0,1677750,1368,496569000
2016-07-15,297.5,296.5,302.0,292.0,-1.5,-1,686173,609,203308054
2016-07-18,292.5,298.5,300.0,292.5,2.0,1,502350,422,149247600
2016-07-19,298.0,306.0,306.0,296.5,7.5,1,848421,662,255040114
2016-07-20,306.5,319.5,321.5,306.0,13.5,1,1818169,1559,575472080
2016-07-21,322.0,322.5,325.0,318.0,3.0,1,859711,738,276002782
2016-07-22,323.0,325.0,325.0,319.0,2.5,1,1093390,508,351164040
2016-07-25,325.0,315.0,327.0,305.0,-10.0,-1,1245201,876,390178472
2016-07-26,314.5,323.0,323.0,311.5,8.0,1,782734,690,250596393
2016-07-27,330.0,339.0,341.0,327.0,16.0,1,1699237,1431,568649869
2016-07-28,332.5,332.0,338.0,326.0,-7.0,-1,978204,817,323348728
2016-07-29,332.0,333.0,333.0,326.5,1.0,1,910170,729,300402610
2016-08-01,335.5,327.0,335.5,324.0,-6.0,-1,821586,496,269792052
2016-08-02,328.0,332.5,333.0,322.0,5.5,1,588371,504,193252308
2016-08-03,330.5,328.5,330.5,326.0,-4.0,-1,260872,238,85759799
2016-08-04,332.0,329.5,335.0,325.5,1.0,1,409000,377,134838000
2016-08-05,332.5,336.0,338.0,329.0,6.5,1,749000,588,249585500
2016-08-08,356.0,338.0,361.0,336.5,2.0,1,1413183,1195,488387202
2016-08-09,341.5,350.0,351.5,341.5,12.0,1,1477368,1330,512311036
2016-08-10,358.0,361.0,362.5,350.5,11.0,1,1697228,1294,608791580
2016-08-11,356.0,344.0,357.0,336.0,-17.0,-1,1443809,1083,498920616
2016-08-12,347.5,348.0,356.0,345.0,4.0,1,3902333,828,1305420384
2016-08-15,348.0,330.0,350.0,328.0,-18.0,-1,1763122,1110,585626758
2016-08-16,331.0,325.0,333.0,316.0,-5.0,-1,1528140,1294,492281500
2016-08-17,328.5,327.0,328.5,320.0,2.0,1,879460,795,284735460
2016-08-18,329.0,343.0,343.0,328.5,16.0,1,1870205,1449,635851209
2016-08-19,343.0,336.5,345.5,336.0,-6.5,-1,676488,612,230017420
2016-08-22,336.5,337.0,337.0,331.5,0.5,1,655449,540,219602384
2016-08-23,340.0,349.5,354.0,340.0,12.5,1,1965689,1564,682864927
2016-08-24,350.0,349.0,350.0,346.5,-0.5,-1,709632,593,247634568
2016-08-25,350.5,349.5,357.0,348.5,0.5,1,869053,662,306279023
2016-08-26,355.5,359.5,362.0,352.0,10.0,1,1436831,1023,515320242
2016-08-29,356.0,350.5,357.5,346.5,-9.0,-1,4070300,610,1378836000
2016-08-30,355.0,360.5,364.0,352.0,10.0,1,800339,772,288244040
2016-08-31,355.0,360.0,360.0,350.0,-0.5,-1,838051,507,295252758
2016-09-01,355.5,361.5,369.5,354.0,1.5,1,1091840,910,394243900
2016-09-02,361.5,354.5,366.0,352.0,-7.0,-1,837827,666,296246438
2016-09-05,356.0,355.5,358.5,349.0,1.0,1,524200,479,186014500
2016-09-06,358.0,362.0,363.0,355.0,6.5,1,934234,821,336868888
2016-09-07,362.0,362.0,367.0,360.5,0.0,0,1448130,885,525376090
2016-09-08,362.5,359.0,364.5,357.5,-3.0,-1,1041141,909,374269625
2016-09-09,359.5,359.5,359.5,353.0,0.5,1,541141,512,192454599
2016-09-10,351.0,351.0,356.0,351.0,-8.5,-1,185154,156,65225554
2016-09-12,353.0,348.0,359.5,342.5,-3.0,-1,1002440,914,352781800
2016-09-13,353.5,357.5,358.0,350.5,9.5,1,971110,839,344548434
2016-09-14,356.0,372.0,372.0,354.0,14.5,1,3216686,1232,1185532719
2016-09-19,369.0,376.5,378.0,364.5,4.5,1,3507900,745,1272907000
2016-09-20,376.0,385.5,394.0,371.0,9.0,1,1113900,995,431476200
2016-09-21,385.0,387.0,395.0,380.5,1.5,1,828530,741,321783610
2016-09-22,389.0,398.5,399.5,388.0,11.5,1,940045,845,371463320
2016-09-23,402.0,406.0,406.0,397.0,7.5,1,1161001,1036,468075900
2016-09-26,400.5,400.0,402.5,399.0,-6.0,-1,614355,568,245866820
2016-09-29,399.0,400.0,408.0,398.5,0.0,0,1291937,1119,518683948
2016-09-30,399.0,403.5,407.5,392.5,3.5,1,833918,624,334699666
2016-10-03,404.5,407.5,411.0,399.5,4.0,1,574715,476,233433505
2016-10-04,410.0,402.0,411.0,400.0,-5.5,-1,741664,601,299539508
2016-10-05,400.5,403.0,404.0,399.0,1.0,1,561100,444,224899300
2016-10-06,403.0,410.0,410.0,400.5,7.0,1,879042,784,356625720
2016-10-07,409.0,405.0,409.0,404.5,-5.0,-1,1094729,578,444363680
2016-10-11,410.0,380.0,410.0,376.5,-25.0,-1,1496373,1257,581763202
2016-10-12,373.0,392.5,399.5,366.0,12.5,1,1391552,1259,531250280
2016-10-13,389.0,377.5,398.0,377.5,-15.0,-1,635428,553,244478140
2016-10-14,372.0,363.0,380.0,360.5,-14.5,-1,716199,661,263555737
2016-10-17,366.5,367.0,369.5,360.0,4.0,1,517500,488,189250749
2016-10-18,370.5,380.5,382.5,370.5,13.5,1,585047,548,221551548
2016-10-19,380.0,373.0,380.0,371.0,-7.5,-1,522082,504,195162414
2016-10-20,374.5,370.0,374.5,368.0,-3.0,-1,492160,483,182440778
2016-10-21,371.5,364.0,377.0,363.5,-6.0,-1,624161,527,230144087
2016-10-24,365.0,363.5,367.5,361.0,-0.5,-1,719081,405,261503065
2016-10-25,370.0,374.0,379.0,370.0,10.5,1,865341,811,324383861
2016-10-26,372.0,366.0,378.5,365.0,-8.0,-1,843604,774,315330980
2016-10-27,373.0,364.5,373.5,363.5,-1.5,-1,1052346,397,384886662
2016-10-28,367.0,367.0,371.5,365.0,2.5,1,665234,404,244458318
2016-10-31,366.5,366.0,367.5,363.0,-1.0,-1,381899,358,139473276
2016-11-01,370.0,364.0,372.0,363.0,-2.0,-1,923669,743,336800615
2016-11-02,363.5,332.0,363.5,329.5,-32.0,-1,1305774,1208,444709016
2016-11-03,332.5,333.5,344.5,330.0,1.5,1,1192710,1059,398550060
2016-11-04,333.5,334.5,339.0,330.0,1.0,1,500979,455,167597944
2016-11-07,338.0,344.0,349.0,336.0,9.5,1,487783,481,167647352
2016-11-08,354.0,353.5,354.0,341.5,9.5,1,594472,550,207872322
2016-11-09,370.0,348.0,374.0,348.0,-5.5,-1,1938576,1788,703688752
2016-11-10,367.0,365.0,368.0,357.0,17.0,1,890570,828,323507693
2016-11-11,354.5,330.5,355.0,328.5,-34.5,-1,1298644,1223,433011020
2016-11-14,318.5,311.5,320.5,298.5,-19.0,-1,1973050,1806,615551571
2016-11-15,313.0,309.0,321.0,309.0,-2.5,-1,2273008,1517,709348012
2016-11-16,310.0,308.5,314.0,305.0,-0.5,-1,1447350,1309,448397650
2016-11-17,311.0,331.0,332.5,306.0,22.5,1,932701,890,301240428
2016-11-18,330.0,329.0,331.5,321.0,-2.0,-1,1034894,984,337789308
2016-11-21,332.5,335.5,346.0,330.0,6.5,1,828269,615,281503649
2016-11-22,341.0,337.0,344.5,331.5,1.5,1,630185,567,213244345
2016-11-23,338.0,331.5,338.0,328.0,-5.5,-1,508573,483,168955876
2016-11-24,333.5,324.5,334.0,323.0,-7.0,-1,432070,403,141617820
2016-11-25,326.0,327.5,331.0,324.5,3.0,1,342000,315,112059000
2016-11-28,328.5,334.0,334.0,323.5,6.5,1,401664,387,132727784
2016-11-29,337.0,346.5,350.0,331.0,12.5,1,1053862,814,363348858
2016-11-30,347.0,357.0,357.0,344.0,10.5,1,1055118,680,372075154
2016-12-01,353.0,357.0,362.0,350.5,0.0,0,643897,621,229546729
2016-12-02,354.5,355.5,358.5,350.0,-1.5,-1,472050,451,167606625
2016-12-05,360.0,346.0,360.0,346.0,-9.5,-1,554793,525,195164792
2016-12-06,352.5,353.5,362.0,351.0,7.5,1,616063,594,219361613
2016-12-07,353.5,347.5,359.5,346.5,-6.0,-1,455070,414,160427860
2016-12-08,347.5,346.0,354.0,345.5,-1.5,-1,404003,356,140891538
2016-12-09,346.5,340.0,347.0,338.0,-6.0,-1,470438,463,160472824
2016-12-12,335.0,333.5,337.0,326.0,-6.5,-1,827559,745,275661431
2016-12-13,330.0,334.0,341.5,330.0,0.5,1,264989,257,89054117
2016-12-14,335.5,347.0,348.0,335.5,13.0,1,495475,458,169976662
2016-12-15,344.5,345.5,345.5,336.0,-1.5,-1,431520,408,147580240
2016-12-16,344.0,336.5,344.0,336.5,-9.0,-1,385060,337,130329370
2016-12-19,331.5,321.0,335.5,317.0,-15.5,-1,949000,803,308644000
2016-12-20,340.0,321.0,340.0,320.5,0.0,0,901018,755,294404296
2016-12-21,321.5,327.5,332.5,321.5,6.5,1,699018,577,229771422
2016-12-22,329.0,319.0,331.0,318.5,-8.5,-1,440280,395,141472440
2016-12-23,319.0,315.5,324.0,315.5,-3.5,-1,485154,431,154606548
2016-12-26,316.5,315.5,318.0,311.0,0.0,0,226150,208,71037275
2016-12-27,317.0,319.5,320.5,317.0,4.0,1,146150,148,46676350
2016-12-28,319.5,329.0,329.5,319.5,9.5,1,297210,296,96930590
2016-12-29,329.0,327.0,333.0,325.5,-2.0,-1,319142,289,105236072
2016-12-30,331.0,332.5,334.5,329.0,5.5,1,322310,275,107200490
2017-01-03,333.0,321.0,333.0,318.5,-11.5,-1,697029,663,224374809
2017-01-04,322.0,315.5,324.5,315.0,-5.5,-1,649256,553,207245664
2017-01-05,315.5,318.5,327.0,315.5,3.0,1,884255,744,283117600
2017-01-06,322.0,301.5,322.0,300.0,-17.0,-1,1696112,1519,522814663
