date,OP,CP,HP,LP,DF,RD,TV,TC,TO
2016-11-01,138.0,131.5,141.5,131.0,0.0,0,3684000,2159,503334500
2016-11-02,120.0,120.0,124.5,117.5,-11.5,-1,1683764,1085,202878560
2016-11-03,120.5,121.0,123.5,117.0,1.0,1,997250,657,119721750
2016-11-04,119.5,119.0,121.5,117.5,-2.0,-1,469080,326,56241960
2016-11-07,119.5,117.5,120.0,116.0,-1.5,-1,664000,432,78307000
2016-11-08,118.5,129.0,129.0,118.0,11.5,1,1750479,1227,217358291
2016-11-09,130.0,129.0,134.5,124.0,0.0,0,1640430,1261,212347970
2016-11-10,134.5,133.0,136.0,130.0,4.0,1,1044140,786,138863620
2016-11-11,128.0,127.0,131.0,126.0,-6.0,-1,636240,470,81705599
2016-11-14,130.0,129.5,130.0,127.5,2.5,1,532536,355,68726180
2016-11-15,129.5,128.5,129.5,128.0,-1.0,-1,232075,194,29877250
2016-11-16,129.0,127.0,129.5,126.5,-1.5,-1,250006,206,31931286
2016-11-17,128.0,125.5,128.0,124.5,-1.5,-1,277100,207,34773449
2016-11-18,125.0,129.5,131.0,124.5,4.0,1,347100,285,44341800
2016-11-21,128.5,126.5,129.0,126.5,-3.0,-1,219087,186,27934136
2016-11-22,127.0,129.0,129.5,125.5,2.5,1,435500,348,55672000
2016-11-23,132.0,129.0,133.0,128.5,0.0,0,662100,530,86688949
2016-11-24,129.5,131.0,131.5,129.5,2.0,1,299400,241,39080400
2016-11-25,131.0,131.5,132.5,129.0,0.5,1,298151,265,39107356
2016-11-28,131.5,130.5,131.5,129.0,-1.0,-1,211050,157,27503525
2016-11-29,129.5,127.5,130.0,127.0,-3.0,-1,226325,190,29022437
2016-11-30,127.5,129.5,131.5,127.5,2.0,1,206000,154,26703500
2016-12-01,129.0,126.5,129.0,126.5,-3.0,-1,186000,146,23747000
2016-12-02,126.5,126.5,127.5,126.0,0.0,0,65000,58,8230000
2016-12-05,126.0,125.5,127.0,125.0,-1.0,-1,107130,84,13438880
2016-12-06,126.5,129.0,130.0,120.0,3.5,1,408055,311,51261595
2016-12-07,127.0,127.5,128.5,126.0,-1.5,-1,247000,188,31340000
2016-12-08,128.0,125.0,128.0,123.5,-2.5,-1,289280,245,36138780
2016-12-09,124.5,124.5,125.5,124.0,-0.5,-1,112000,101,13999000
2016-12-12,124.5,124.0,125.5,122.0,-0.5,-1,83000,73,10261000
2016-12-13,125.0,123.5,125.0,123.0,-0.5,-1,71000,68,8788500
2016-12-14,123.5,123.5,125.0,123.5,0.0,0,73010,67,9065810
2016-12-15,123.5,125.5,127.0,123.0,2.0,1,186000,159,23386000
2016-12-16,125.5,126.0,128.0,125.5,0.5,1,120000,103,15214000
2016-12-19,126.0,123.5,126.0,123.5,-2.5,-1,63000,62,7818000
2016-12-20,123.5,123.5,124.5,123.0,0.0,0,57000,43,7044500
2016-12-21,124.5,123.5,125.0,123.5,0.0,0,60100,59,7460350
2016-12-22,124.0,125.5,126.0,123.5,2.0,1,105250,98,13109000
2016-12-23,126.0,123.5,126.0,123.5,-2.0,-1,56100,52,6968750
2016-12-26,123.5,122.5,123.5,121.0,-1.0,-1,100000,74,12223500
2016-12-27,121.5,119.5,121.5,119.5,-3.0,-1,175015,130,21024337
2016-12-28,118.5,120.0,121.5,118.0,0.5,1,173000,113,20711000
2016-12-29,121.0,121.0,121.5,120.0,1.0,1,115000,99,13905000
2016-12-30,122.5,121.0,122.5,121.0,0.0,0,64200,64,7821600
2017-01-03,122.0,120.0,122.0,119.5,-1.0,-1,43400,43,5216600
2017-01-04,119.5,118.5,121.0,118.5,-1.5,-1,80100,73,9558450
2017-01-05,118.5,117.0,119.0,117.0,-1.5,-1,208525,154,24577950
2017-01-06,118.0,117.0,118.0,116.0,0.0,0,119000,96,13893000
2017-01-09,117.0,116.0,118.5,115.5,-1.0,-1,113000,90,13168500
2017-01-10,117.5,116.0,118.0,116.0,0.0,0,59000,58,6888500
2017-01-11,117.5,117.5,118.0,116.5,1.5,1,44000,42,5163000
2017-01-12,116.5,119.0,121.0,116.5,1.5,1,86050,79,10218650
2017-01-13,118.0,121.0,122.0,118.0,2.0,1,79055,68,9507655
2017-01-16,120.5,118.5,120.5,118.5,-2.5,-1,37000,28,4432500
2017-01-17,118.0,119.0,120.5,118.0,0.5,1,68000,64,8133000
2017-01-18,118.5,120.0,120.5,118.0,1.0,1,108000,91,12847000
2017-01-19,119.0,119.5,119.5,118.5,-0.5,-1,45000,43,5353000
2017-01-20,119.5,120.0,121.0,118.0,0.5,1,104000,84,12452500
2017-01-23,120.0,118.5,120.0,118.5,-1.5,-1,47000,41,5597500
2017-01-24,119.5,120.5,120.5,118.5,2.0,1,83203,69,9965657
2017-02-02,120.5,118.5,120.5,118.5,-2.0,-1,70000,58,8361500
2017-02-03,119.0,118.5,119.5,118.0,0.0,0,107000,74,12685000
2017-02-06,119.0,119.5,120.0,119.0,1.0,1,64500,57,7731750
2017-02-07,119.5,120.5,120.5,119.5,1.0,1,87000,61,10436500
2017-02-08,121.5,124.5,126.0,120.5,4.0,1,220215,175,27298266
2017-02-09,124.5,124.5,126.5,124.5,0.0,0,150000,122,18749500
2017-02-10,124.5,121.0,124.5,121.0,-3.5,-1,138282,117,16902763
2017-02-13,121.0,120.5,122.5,120.5,-0.5,-1,43100,33,5222500
2017-02-14,121.0,120.5,121.5,120.5,0.0,0,52045,38,6307467
2017-02-15,121.0,121.0,121.5,120.5,0.5,1,65010,47,7867210
2017-02-16,121.0,120.5,121.5,120.5,-0.5,-1,32200,31,3890300
2017-02-17,121.5,121.0,122.0,120.5,0.5,1,33000,28,3998500
2017-02-18,120.5,121.0,121.5,120.5,0.0,0,35000,34,4229500
2017-02-20,122.0,120.5,122.0,120.5,-0.5,-1,37001,33,4484620
2017-02-21,120.5,120.5,121.0,120.0,0.0,0,47001,34,5668621
2017-02-22,120.5,122.0,122.0,120.0,1.5,1,59000,47,7122500
2017-02-23,121.0,120.0,121.5,120.0,-2.0,-1,54000,40,6517000
2017-02-24,120.0,120.0,120.5,120.0,0.0,0,40000,29,4808500
2017-03-01,121.0,120.0,121.0,120.0,0.0,0,35001,28,4213620
2017-03-02,120.5,120.0,121.0,120.0,0.0,0,71000,45,8550500
2017-03-03,120.0,119.0,120.5,119.0,-1.0,-1,58050,54,6953000
2017-03-06,119.0,120.0,120.5,119.0,1.0,1,33047,31,3957640
2017-03-07,119.5,122.0,123.0,119.5,2.0,1,64050,56,7766575
2017-03-08,121.0,120.5,121.0,120.5,-1.5,-1,14000,13,1689000
2017-03-09,121.0,120.5,121.0,120.0,0.0,0,53010,45,6396715
2017-03-10,121.5,121.0,124.0,120.0,0.5,1,181030,121,22002660
2017-03-13,122.0,120.0,122.0,120.0,-1.0,-1,83000,52,10017500
2017-03-14,121.0,120.5,121.0,119.5,0.5,1,78060,52,9402789
2017-03-15,120.0,120.0,120.5,120.0,-0.5,-1,103104,77,12385084
2017-03-16,120.5,122.0,122.0,120.0,2.0,1,97000,83,11764000
2017-03-17,122.0,123.0,123.0,120.5,1.0,1,147080,114,17886420
2017-03-20,123.0,122.0,123.0,121.0,-1.0,-1,88000,58,10737500
2017-03-21,122.5,121.5,122.5,121.0,-0.5,-1,68000,40,8281000
2017-03-22,122.5,125.0,127.5,121.5,3.5,1,342000,250,42615500
2017-03-23,124.0,123.5,125.0,123.0,-1.5,-1,89000,74,11023500
2017-03-24,124.0,121.5,124.0,121.5,-2.0,-1,80030,59,9800235
2017-03-27,122.5,121.0,123.0,121.0,-0.5,-1,66050,54,8021050
2017-03-28,121.0,121.0,122.0,120.5,0.0,0,84125,67,10168500
2017-03-29,121.5,121.5,122.0,121.5,0.5,1,47009,48,5726109
2017-03-30,122.0,121.5,122.0,121.5,0.0,0,21354,23,2601216
2017-03-31,122.0,121.0,123.0,120.0,-0.5,-1,125200,68,15145200
2017-04-05,120.5,120.5,122.0,120.5,-0.5,-1,40000,34,4841000
2017-04-06,121.5,122.0,122.5,121.0,1.5,1,50050,39,6091100
2017-04-07,122.5,122.0,122.5,121.5,0.0,0,52000,42,6341500
2017-04-10,122.0,121.5,122.5,121.0,-0.5,-1,58100,48,7077649
2017-04-11,121.5,121.0,121.5,121.0,-0.5,-1,34021,31,4126092
2017-04-12,120.5,120.5,121.0,120.5,-0.5,-1,44000,43,5307000
2017-04-13,121.5,121.5,122.0,120.5,1.0,1,60000,41,7280000
2017-04-14,121.5,120.5,122.0,120.0,-1.0,-1,78000,43,9434000
2017-04-17,120.0,120.5,121.5,120.0,0.0,0,57000,34,6870500
2017-04-18,121.0,120.5,121.0,120.0,0.0,0,28000,18,3370500
2017-04-19,120.5,121.0,121.0,120.0,0.5,1,34095,18,4096900
2017-04-20,120.0,118.0,120.5,118.0,-3.0,-1,84030,63,10045555
2017-04-21,118.5,119.5,119.5,118.5,1.5,1,44031,32,5240220
2017-04-24,120.5,118.5,120.5,118.5,-1.0,-1,16000,12,1910500
2017-04-25,118.5,118.5,119.0,118.5,0.0,0,17095,18,2028852
2017-04-26,118.5,118.5,120.0,118.0,0.0,0,39000,24,4617500
2017-04-27,118.0,119.0,119.5,117.5,0.5,1,24000,19,2842500
2017-04-28,119.5,119.0,119.5,119.0,0.0,0,37000,20,4404500
2017-05-02,119.0,119.0,120.0,119.0,0.0,0,11000,11,1311500
2017-05-03,118.5,118.0,118.5,117.5,-1.0,-1,106000,62,12499000
2017-05-04,117.5,117.0,118.0,117.0,-1.0,-1,50000,34,5863000
2017-05-05,118.0,119.0,119.5,118.0,2.0,1,47100,30,5604300
2017-05-08,120.0,118.0,120.0,118.0,-1.0,-1,43000,25,5107500
2017-05-09,118.5,119.0,119.0,117.5,1.0,1,28000,19,3305500
2017-05-10,119.0,119.5,119.5,119.0,0.5,1,20000,16,2387000
2017-05-11,121.0,118.0,121.0,118.0,-1.5,-1,37000,33,4428500
2017-05-12,119.0,118.5,119.5,118.5,0.5,1,21000,16,2504500
2017-05-15,119.5,118.0,119.5,118.0,-0.5,-1,32055,30,3798490
2017-05-16,118.0,118.5,119.0,118.0,0.5,1,27000,22,3200500
2017-05-17,118.5,118.5,119.0,118.0,0.0,0,21000,19,2494000
2017-05-18,118.0,117.5,118.0,117.5,-1.0,-1,16000,16,1884500
