date,OP,CP,HP,LP,DF,RD,TV,TC,TO
2015-12-15,85.3,74.0,85.3,72.1,0.0,0,2123056,1640,171181188
2015-12-16,71.5,69.0,72.8,67.2,-5.0,-1,1021000,879,71041100
2015-12-17,69.1,68.0,70.3,67.8,-1.0,-1,552106,449,37968220
2015-12-18,67.8,68.6,71.5,67.8,0.6,1,557071,449,38584770
2015-12-21,68.0,68.1,69.0,67.9,-0.5,-1,311000,236,21215400
2015-12-22,68.7,66.6,68.7,66.0,-1.5,-1,399000,293,26742600
2015-12-23,67.2,67.7,69.0,66.8,1.1,1,250000,205,16940700
2015-12-24,68.0,65.7,68.3,65.2,-2.0,-1,295106,210,19627559
2015-12-25,65.7,65.6,66.5,65.6,-0.1,-1,132000,106,8698400
2015-12-28,65.9,66.0,67.0,65.6,0.4,1,174000,116,11515900
2015-12-29,66.0,66.0,66.1,65.4,0.0,0,179500,128,11790550
2015-12-30,66.6,65.8,66.7,65.7,-0.2,-1,55000,43,3624700
2015-12-31,65.3,65.9,66.0,65.3,0.1,1,86000,65,5636500
2016-01-04,65.5,64.9,65.5,64.4,-1.0,-1,156156,123,10136830
2016-01-05,64.0,64.5,64.5,63.2,-0.4,-1,133000,116,8480400
2016-01-06,64.5,64.0,64.5,63.0,-0.5,-1,111000,96,7047300
2016-01-07,64.0,60.8,64.0,60.0,-3.2,-1,173000,163,10615200
2016-01-08,60.0,62.5,62.7,60.0,1.7,1,95000,70,5812700
2016-01-11,63.3,61.5,63.3,60.7,-1.0,-1,76000,58,4681500
2016-01-12,61.1,62.4,62.4,61.0,0.9,1,111000,83,6830000
2016-01-13,62.4,64.3,64.7,62.4,1.9,1,110071,75,6996907
2016-01-14,62.3,66.5,67.1,62.3,2.2,1,365000,272,24041500
2016-01-15,66.1,69.3,70.4,66.1,2.8,1,342040,251,23495372
2016-01-18,69.0,69.6,70.0,67.3,0.3,1,252000,136,17412300
2016-01-19,69.0,70.0,70.4,68.7,0.4,1,169000,115,11745700
2016-01-20,69.9,68.8,69.9,68.6,-1.2,-1,127000,98,8777700
2016-01-21,68.5,67.7,68.5,67.7,-1.1,-1,130050,52,8861815
2016-01-22,68.0,68.0,69.2,67.4,0.3,1,96000,43,6541900
2016-01-25,68.0,69.2,69.2,68.0,1.2,1,142000,92,9724800
2016-01-26,68.2,68.6,68.6,68.1,-0.6,-1,43000,35,2941300
2016-01-27,68.1,67.9,68.1,67.3,-0.7,-1,52000,43,3518400
2016-01-28,67.1,67.9,67.9,67.1,0.0,0,22000,18,1487300
2016-01-29,67.2,67.9,69.1,67.1,0.0,0,106000,61,7213300
2016-01-30,68.1,67.9,68.4,67.6,0.0,0,21001,17,1426568
2016-02-01,67.9,66.7,67.9,64.1,-1.2,-1,322000,112,20967900
2016-02-02,66.0,67.0,67.7,66.0,0.3,1,50000,35,3344200
2016-02-03,66.9,67.5,68.7,66.9,0.5,1,69000,50,4662900
2016-02-15,66.9,65.8,66.9,64.7,-1.7,-1,37020,34,2425028
2016-02-16,65.8,66.0,66.1,65.3,0.2,1,15000,12,989200
2016-02-17,66.8,65.7,66.8,64.2,-0.3,-1,26000,17,1685100
2016-02-18,65.7,66.6,66.6,65.2,0.9,1,43000,31,2837100
2016-02-19,65.5,65.5,66.5,65.0,-1.1,-1,22500,21,1472998
2016-02-22,64.8,65.9,66.2,64.7,0.4,1,81000,29,5323300
2016-02-23,67.0,66.3,67.0,65.3,0.4,1,84000,33,5573900
2016-02-24,65.8,65.8,66.4,64.8,-0.5,-1,51000,42,3344600
2016-02-25,65.8,65.5,65.9,64.8,-0.3,-1,57000,39,3727500
2016-02-26,65.5,65.5,65.8,64.8,0.0,0,53002,38,3463232
2016-03-01,65.1,65.1,65.1,64.7,-0.4,-1,46000,29,2986800
2016-03-02,65.1,65.3,65.9,64.7,0.2,1,66000,46,4302200
2016-03-03,65.0,65.3,65.8,65.0,0.0,0,39000,27,2551800
2016-03-04,65.2,65.0,65.5,64.9,-0.3,-1,37000,24,2410700
2016-03-07,64.6,66.0,66.0,64.6,1.0,1,51100,35,3341109
2016-03-08,67.7,71.3,72.5,66.9,5.3,1,341460,259,23820820
2016-03-09,70.2,70.3,70.8,69.5,-1.0,-1,227000,135,15965300
2016-03-10,69.0,69.5,70.3,69.0,-0.8,-1,64000,44,4457100
2016-03-11,69.5,69.1,70.1,69.0,-0.4,-1,53000,34,3676600
2016-03-14,69.0,68.5,69.1,68.2,-0.6,-1,63000,42,4323100
2016-03-15,69.0,67.0,69.0,67.0,-1.5,-1,64001,52,4324168
2016-03-16,67.8,68.0,68.0,67.5,1.0,1,13000,11,879400
2016-03-17,68.0,68.0,68.5,67.5,0.0,0,26000,22,1766600
2016-03-18,67.5,67.5,68.1,67.5,-0.5,-1,11000,7,747000
2016-03-21,67.8,68.0,68.1,67.8,0.5,1,9000,9,611800
2016-03-22,68.0,68.6,69.0,68.0,0.6,1,62000,44,4258200
2016-03-23,68.6,68.5,69.9,68.5,-0.1,-1,34000,30,2346000
2016-03-24,68.0,67.4,68.0,67.1,-1.1,-1,11000,11,742200
2016-03-25,66.5,66.6,66.9,65.8,-0.8,-1,23000,21,1525300
2016-03-28,65.4,64.8,65.4,64.8,-1.8,-1,57000,47,3705200
2016-03-29,64.8,63.0,64.8,63.0,-1.8,-1,34000,22,2159000
2016-03-30,62.0,62.9,63.7,62.0,-0.1,-1,20000,20,1255700
2016-03-31,62.9,62.2,62.9,62.1,-0.7,-1,24000,18,1495400
2016-04-01,62.2,62.0,62.8,62.0,-0.2,-1,11000,10,684100
2016-04-06,61.1,62.0,62.0,60.0,0.0,0,39000,33,2365700
2016-04-07,60.9,61.9,62.0,60.9,-0.1,-1,34000,22,2098100
2016-04-08,61.0,62.6,63.5,61.0,0.7,1,22000,20,1374200
2016-04-11,64.0,61.1,64.0,61.0,-1.5,-1,23000,20,1433700
2016-04-12,61.0,60.5,62.1,60.5,-0.6,-1,37000,22,2259100
2016-04-13,62.5,60.7,62.5,60.5,0.2,1,13000,11,791100
2016-04-14,60.7,60.5,61.0,60.5,-0.2,-1,15000,14,911400
2016-04-15,60.6,60.8,60.8,60.1,0.3,1,50000,32,3022400
2016-04-18,61.0,60.8,61.0,60.3,0.0,0,23050,11,1399020
2016-04-19,60.4,60.5,61.0,60.4,-0.3,-1,41000,32,2491300
2016-04-20,60.7,60.3,60.7,60.3,-0.2,-1,16000,14,966900
2016-04-21,60.2,60.8,60.8,60.2,0.5,1,50000,28,3026400
2016-04-22,60.3,60.4,61.5,60.3,-0.4,-1,42000,30,2549600
2016-04-25,60.5,60.5,60.7,60.4,0.1,1,6000,6,363100
2016-04-26,60.1,59.8,60.5,59.7,-0.7,-1,31000,22,1862600
2016-04-27,60.2,57.1,60.2,57.0,-2.7,-1,42000,32,2433900
2016-04-28,59.0,55.5,59.0,55.4,-1.6,-1,55000,46,3097800
2016-04-29,54.3,54.7,55.0,54.3,-0.8,-1,26000,20,1423100
2016-05-03,54.5,53.0,54.5,52.0,-1.7,-1,48000,39,2537700
2016-05-04,53.0,50.1,53.0,50.0,-2.9,-1,51000,44,2576400
2016-05-05,51.0,50.3,51.5,50.2,0.2,1,25000,24,1264500
2016-05-06,50.3,50.0,50.5,50.0,-0.3,-1,18000,17,904300
2016-05-09,52.5,51.8,52.5,51.0,1.8,1,90000,55,4623200
2016-05-10,51.8,54.0,54.0,51.5,2.2,1,29000,26,1522400
2016-05-11,52.2,53.5,54.0,51.8,-0.5,-1,53000,34,2784600
2016-05-12,53.3,53.1,53.3,51.6,-0.4,-1,56000,39,2941000
2016-05-13,51.9,53.2,53.2,51.5,0.1,1,46001,39,2400758
2016-05-16,51.9,53.6,56.6,51.9,0.4,1,29000,29,1567700
2016-05-17,53.0,53.9,55.2,53.0,0.3,1,34000,26,1849400
2016-05-18,53.1,53.7,53.9,53.1,-0.2,-1,28000,26,1495700
2016-05-19,53.1,53.6,53.8,52.7,-0.1,-1,33000,29,1756700
2016-05-20,53.0,53.6,53.6,52.8,0.0,0,31000,26,1648500
2016-05-23,53.8,55.2,55.2,53.6,1.6,1,38000,30,2066800
2016-05-24,54.4,56.2,56.4,54.2,1.0,1,130000,77,7207400
2016-05-25,55.9,57.2,57.8,55.5,1.0,1,111000,67,6293200
2016-05-26,56.0,56.0,57.0,55.7,-1.2,-1,28010,21,1574527
2016-05-27,56.5,57.1,57.1,56.0,1.1,1,38010,28,2150712
2016-05-30,56.8,56.5,56.9,56.5,-0.6,-1,17000,10,963900
2016-05-31,55.1,55.6,56.2,55.1,-0.9,-1,16000,12,890000
2016-06-01,55.2,55.0,55.8,54.8,-0.6,-1,29000,19,1605900
2016-06-02,55.2,54.5,55.2,54.2,-0.5,-1,23000,15,1260600
2016-06-03,54.8,55.7,55.9,54.5,1.2,1,38050,25,2093290
2016-06-04,55.7,56.4,57.5,55.7,0.7,1,18058,16,1022791
2016-06-06,57.0,56.7,57.0,56.3,0.3,1,33060,27,1869980
2016-06-07,56.8,56.4,57.0,56.4,-0.3,-1,70010,53,3958385
2016-06-08,54.7,56.3,56.3,54.3,0.0,0,42000,27,2308500
2016-06-13,56.2,55.5,56.3,55.0,-0.8,-1,25000,22,1390800
2016-06-14,56.8,55.0,56.8,54.7,-0.5,-1,26000,18,1435800
2016-06-15,56.0,56.0,56.2,55.2,1.0,1,32000,23,1785500
2016-06-16,56.1,56.2,56.6,54.9,0.2,1,39000,22,2178900
2016-06-17,56.2,58.5,58.5,56.1,2.3,1,109000,61,6241300
2016-06-20,56.9,58.4,60.1,56.9,-0.1,-1,326000,96,19442500
2016-06-21,58.2,57.0,60.1,57.0,-1.4,-1,481000,156,28644900
2016-06-22,57.0,57.1,60.0,56.4,0.1,1,395064,127,23363328
2016-06-23,56.6,53.7,56.8,53.1,-3.4,-1,149002,45,8357408
2016-06-24,55.6,53.7,55.6,52.0,0.0,0,80000,54,4294800
2016-06-27,53.1,53.2,53.2,52.1,-0.5,-1,22000,22,1161400
2016-06-28,52.5,52.6,53.1,52.4,-0.6,-1,26000,26,1370800
2016-06-29,52.6,52.5,52.6,52.2,-0.1,-1,21000,20,1101200
2016-06-30,52.3,52.5,52.5,52.3,0.0,0,3000,3,157300
2016-07-01,52.5,52.9,52.9,52.1,0.4,1,16062,14,842192
2016-07-04,52.5,52.3,52.5,52.2,-0.6,-1,13000,12,679900
2016-07-05,52.1,51.5,52.1,51.5,-0.8,-1,12000,12,621900
2016-07-06,53.5,51.0,53.5,51.0,-0.5,-1,7000,7,364700
2016-07-07,52.0,51.0,52.0,51.0,0.0,0,5000,5,258000
2016-07-11,50.5,50.0,50.6,48.7,-1.0,-1,72000,55,3586300
2016-07-12,50.5,51.2,51.5,49.9,1.2,1,35000,22,1772600
2016-07-13,51.2,51.1,52.0,49.6,-0.1,-1,56000,31,2856050
2016-07-14,51.5,51.5,51.5,50.5,0.4,1,18000,17,922800
2016-07-15,51.9,50.9,52.0,50.9,-0.6,-1,9000,6,464200
2016-07-18,50.5,51.0,51.0,50.5,0.1,1,3000,3,152500
2016-07-19,50.2,50.7,50.7,50.0,-0.3,-1,4000,4,201600
2016-07-20,49.7,50.0,50.0,49.5,-0.7,-1,14000,8,695200
2016-07-21,49.65,49.1,49.65,49.1,-0.9,-1,5000,5,246500
2016-07-22,48.5,49.0,49.0,48.5,-0.1,-1,18000,14,877500
2016-07-25,48.8,49.0,49.0,48.8,0.0,0,2000,2,97800
2016-07-26,47.55,47.95,48.0,47.4,-1.05,-1,25000,18,1192850
2016-07-27,47.35,46.2,47.55,46.2,-1.75,-1,51000,42,2395100
2016-07-28,46.2,45.7,46.8,45.0,-0.5,-1,27000,23,1227250
2016-07-29,45.9,45.6,46.5,45.5,-0.1,-1,9000,9,413950
2016-08-01,46.0,45.6,46.0,45.6,0.0,0,2000,2,91600
2016-08-02,46.5,45.6,46.5,45.6,0.0,0,5000,5,229500
2016-08-03,45.6,45.2,45.6,45.2,-0.4,-1,2000,2,90800
2016-08-04,44.6,45.6,45.6,44.6,0.4,1,7000,7,316400
2016-08-05,45.0,45.0,45.0,45.0,-0.6,-1,11000,10,495000
2016-08-08,45.15,44.35,45.15,44.35,-0.65,-1,7000,7,314800
2016-08-09,44.5,43.5,44.5,43.4,-0.85,-1,19000,18,835450
2016-08-10,43.0,43.5,43.5,43.0,0.0,0,9000,6,388500
2016-08-11,44.8,43.05,44.8,43.05,-0.45,-1,8000,7,353450
2016-08-12,43.1,42.2,43.1,41.5,-0.85,-1,33000,25,1389900
2016-08-15,41.6,41.0,41.6,41.0,-1.2,-1,6000,5,246600
2016-08-16,41.0,40.0,41.0,39.1,-1.0,-1,69000,58,2746500
2016-08-17,40.0,40.6,41.0,38.2,0.6,1,64392,60,2553660
2016-08-18,40.1,39.6,40.1,39.6,-1.0,-1,8000,8,319200
2016-08-19,41.0,39.8,41.0,39.8,0.2,1,16392,17,661394
2016-08-22,39.0,38.7,39.2,37.2,-1.1,-1,50004,41,1884206
2016-08-23,38.7,38.4,38.7,37.6,-0.3,-1,14000,14,532100
2016-08-24,,,,,0.0,0,0,0,0
2016-08-25,37.7,37.35,37.7,37.3,0.0,0,13000,11,488900
2016-08-26,36.4,36.7,37.0,36.4,-0.65,-1,21000,12,769000
2016-08-29,36.7,36.2,36.8,35.85,-0.5,-1,17000,9,623650
2016-08-30,36.6,36.2,36.6,36.0,0.0,0,25000,14,906250
2016-08-31,36.2,35.6,36.2,35.6,-0.6,-1,28000,14,1003850
2016-09-01,35.7,35.6,36.1,35.2,0.0,0,24000,14,852300
2016-09-02,35.2,36.0,36.0,35.1,0.4,1,43000,13,1531900
2016-09-05,37.5,37.85,38.5,37.0,1.85,1,21000,21,795950
2016-09-06,37.75,37.35,37.85,36.95,-0.5,-1,13000,12,484200
2016-09-07,37.0,37.0,37.05,37.0,-0.35,-1,5000,5,185100
2016-09-08,37.0,37.0,37.0,37.0,0.0,0,4000,4,148000
2016-09-09,37.1,37.3,37.9,37.1,0.3,1,16000,9,596050
2016-09-10,37.1,37.05,37.1,37.0,-0.25,-1,12000,12,444550
2016-09-12,36.95,36.75,36.95,35.9,-0.3,-1,21000,19,764750
2016-09-13,37.9,37.25,37.9,37.1,0.5,1,8000,7,298350
2016-09-14,37.25,36.6,37.25,36.6,-0.65,-1,37000,18,1366300
2016-09-19,36.6,36.5,36.7,36.5,-0.1,-1,12000,12,438950
2016-09-20,38.1,37.1,38.1,37.1,0.6,1,30000,13,1118300
2016-09-21,36.0,39.0,39.4,36.0,1.9,1,24000,18,920400
2016-09-22,39.2,39.0,39.75,39.0,0.0,0,18025,16,708383
2016-09-23,39.4,39.4,39.4,39.0,0.4,1,19000,9,744400
2016-09-26,39.4,39.4,39.4,39.4,0.0,0,6000,4,236400
2016-09-29,37.85,39.0,39.25,37.85,-0.4,-1,25000,8,954050
2016-09-30,39.1,39.1,39.1,38.35,0.1,1,7000,7,272300
2016-10-03,39.45,39.1,39.85,39.1,0.0,0,20000,17,788900
2016-10-04,38.55,38.5,39.0,38.5,-0.6,-1,16000,15,617800
2016-10-05,38.7,38.3,38.7,38.3,-0.2,-1,10000,8,384400
2016-10-06,38.0,38.6,38.6,37.8,0.3,1,13000,10,495500
2016-10-07,38.5,38.5,38.5,38.5,-0.1,-1,1000,1,38500
2016-10-11,39.95,38.65,41.0,38.65,0.15,1,55237,27,2168477
2016-10-12,38.65,37.9,38.65,37.9,-0.75,-1,20000,15,768950
2016-10-13,37.1,37.6,38.3,37.05,-0.3,-1,7000,7,263700
2016-10-14,37.25,37.55,37.55,37.0,-0.05,-1,12000,11,445950
2016-10-17,37.55,37.55,37.55,37.55,0.0,0,4000,4,150200
2016-10-18,37.0,36.95,37.0,36.0,-0.6,-1,20000,19,732400
2016-10-19,37.3,36.4,37.3,36.2,-0.55,-1,33000,13,1205150
2016-10-20,36.6,37.0,37.0,36.5,0.6,1,10000,8,367900
2016-10-21,36.5,36.5,36.5,36.5,-0.5,-1,6000,6,219000
2016-10-24,36.5,36.2,36.5,36.2,-0.3,-1,4000,4,145700
2016-10-25,36.3,36.3,36.3,36.3,0.1,1,1000,1,36300
2016-10-26,,,,,0.0,0,0,0,0
2016-10-27,37.0,36.5,37.0,36.5,0.0,0,25000,7,913500
2016-10-28,36.5,36.5,36.5,36.5,0.0,0,2042,3,74547
2016-10-31,36.5,37.0,37.0,36.4,0.5,1,28000,3,1020000
2016-11-01,36.5,36.5,36.5,36.5,-0.5,-1,6000,5,219000
2016-11-02,36.2,36.0,36.2,36.0,-0.5,-1,5000,5,180300
2016-11-03,36.05,36.1,36.1,36.0,0.1,1,25000,19,901000
2016-11-04,34.75,36.15,36.15,34.75,0.05,1,10000,10,353900
2016-11-07,35.15,35.2,35.95,35.1,-0.95,-1,15000,15,530050
2016-11-08,35.2,34.75,35.2,33.6,-0.45,-1,9000,9,311700
2016-11-09,34.15,33.4,34.15,33.4,-1.35,-1,7000,7,237350
2016-11-10,34.0,34.0,34.5,34.0,0.6,1,9000,9,306900
2016-11-11,32.7,35.0,35.0,32.7,1.0,1,12000,11,398700
2016-11-14,,,,,0.0,0,0,0,0
2016-11-15,35.6,34.0,35.6,33.7,0.0,0,12000,12,410300
2016-11-16,33.1,35.9,35.9,33.1,1.9,1,6000,5,204250
2016-11-17,,,,,0.0,0,0,0,0
2016-11-18,34.9,35.0,35.0,34.9,0.0,0,4000,4,139700
2016-11-21,34.2,34.3,34.3,34.2,-0.7,-1,4000,4,137100
2016-11-22,35.0,34.9,35.0,34.5,0.6,1,10000,6,348600
2016-11-23,35.8,35.5,35.8,35.5,0.6,1,2000,2,71300
2016-11-24,35.5,35.5,35.5,35.5,0.0,0,3000,3,106500
2016-11-25,35.4,35.4,35.4,35.4,-0.1,-1,1000,1,35400
2016-11-28,35.5,35.5,35.5,35.5,0.1,1,7000,6,248500
2016-11-29,34.0,34.6,34.6,34.0,-0.9,-1,15000,11,512400
2016-11-30,34.0,34.0,34.5,34.0,-0.6,-1,3000,3,102500
2016-12-01,34.2,34.2,34.2,34.0,0.2,1,4000,4,136400
2016-12-02,35.5,34.65,35.5,34.5,0.45,1,10000,10,351550
2016-12-05,34.8,35.2,35.5,34.8,0.55,1,7000,7,246750
2016-12-06,35.7,35.0,35.7,35.0,-0.2,-1,4000,4,140900
2016-12-07,35.4,35.4,35.4,35.0,0.4,1,6000,6,211000
2016-12-08,35.5,35.2,35.95,35.2,-0.2,-1,15000,15,536600
2016-12-09,35.5,35.2,35.5,35.2,0.0,0,5000,5,176900
2016-12-12,34.55,33.8,34.55,33.5,-1.4,-1,17000,17,579300
2016-12-13,33.9,33.05,33.9,33.05,-0.75,-1,2000,2,66950
2016-12-14,33.0,33.55,33.8,33.0,0.5,1,3000,3,100350
2016-12-15,33.0,33.0,33.0,33.0,-0.55,-1,4004,5,132132
2016-12-16,33.7,33.5,33.8,33.5,0.5,1,5000,5,168000
2016-12-19,33.5,33.3,33.5,33.3,-0.2,-1,5000,5,167300
2016-12-20,33.0,33.0,33.0,33.0,-0.3,-1,1000,1,33000
2016-12-21,33.0,33.2,33.2,33.0,0.2,1,32000,32,1056600
2016-12-22,33.0,32.9,33.0,32.9,-0.3,-1,8000,8,263900
2016-12-23,32.9,32.9,32.9,32.5,0.0,0,14000,14,457250
2016-12-26,32.9,32.0,32.9,32.0,-0.9,-1,10000,10,323400
2016-12-27,31.0,31.2,31.3,31.0,-0.8,-1,22000,19,687350
2016-12-28,31.2,32.0,32.0,31.2,0.8,1,8000,8,255200
2016-12-29,31.65,32.0,32.0,31.65,0.0,0,6000,6,191650
2016-12-30,32.5,32.9,32.9,32.5,0.9,1,4000,4,131100
2017-01-03,32.6,32.9,32.9,32.6,0.0,0,7000,6,230000
2017-01-04,32.7,32.7,32.7,32.7,-0.2,-1,1000,1,32700
2017-01-05,32.0,32.6,32.6,32.0,-0.1,-1,2000,2,64600
2017-01-06,32.5,32.5,32.5,32.5,-0.1,-1,1000,1,32500
